DISTRICT,PROVISIONAL_LICENCES_MALE,PROVISIONAL_LICENCES_FEMALE,PROVISIONAL_LICENCES_TOTAL,FULL_LICENCES_MALE,FULL_LICENCES_FEMALE,FULL_LICENCES_TOTAL
AA78,0,0,0,0,1,1
AB01,70,77,147,189,126,315
AB02,24,33,57,103,54,157
AB03,6,9,15,33,39,72
AB04,3,3,6,28,23,51
AB05,1,3,4,13,18,31
AB09,29,18,47,67,11,78
AB10,1538,1551,3089,7448,6072,13520
AB11,1899,1983,3882,6379,4355,10734
AB12,1185,1534,2719,10574,9460,20034
AB13,99,121,220,1434,1429,2863
AB14,213,262,475,1949,1809,3758
AB15,1413,1865,3278,15747,14842,30589
AB16,2247,2890,5137,8302,6393,14695
AB18,0,0,0,0,1,1
AB21,901,1094,1995,9276,8282,17558
AB22,580,738,1318,6277,5752,12029
AB23,432,468,900,4794,4396,9190
AB24,3121,3163,6284,9323,5961,15284
AB25,1509,1419,2928,5124,3725,8849
AB28,0,0,0,1,0,1
AB29,0,1,1,0,0,0
AB30,198,242,440,3007,2774,5781
AB31,449,495,944,6490,6179,12669
AB32,438,533,971,5640,5454,11094
AB33,120,161,281,2364,2112,4476
AB34,163,197,360,2205,2134,4339
AB35,102,108,210,1017,907,1924
AB36,19,21,40,234,211,445
AB37,34,48,82,547,464,1011
AB38,116,176,292,1731,1545,3276
AB39,667,732,1399,6855,6499,13354
AB41,559,800,1359,8547,8071,16618
AB42,1506,1748,3254,12516,11060,23576
AB43,1041,1256,2297,8284,7312,15596
AB44,179,229,408,1358,1205,2563
AB45,420,506,926,4100,3711,7811
AB51,1010,1244,2254,14167,13346,27513
AB52,126,169,295,2121,1936,4057
AB53,323,412,735,4835,4249,9084
AB54,383,496,879,4266,3799,8065
AB55,270,434,704,3447,2986,6433
AB56,641,720,1361,5176,4741,9917
AL01,2037,2207,4244,14303,12789,27092
AL02,925,1099,2024,9714,9168,18882
AL03,1224,1365,2589,11106,10734,21840
AL04,1008,1192,2200,10830,10628,21458
AL05,1158,1219,2377,12354,12120,24474
AL06,356,375,731,5212,5121,10333
AL07,2082,2485,4567,12419,11228,23647
AL08,575,701,1276,5025,4871,9896
AL09,437,510,947,4923,4600,9523
AL10,3709,3120,6829,11651,8137,19788
B00,2,0,2,0,0,0
B01,964,833,1797,2223,1236,3459
B02,76,62,138,99,48,147
B03,196,183,379,681,423,1104
B04,293,161,454,306,102,408
B05,1326,1454,2780,3083,1854,4937
B05O,0,0,0,1,1,2
B06,2790,3059,5849,4790,2449,7239
B07,1071,1442,2513,1858,1110,2968
B08,5068,5829,10897,10562,5798,16360
B09,2865,3601,6466,6033,3450,9483
B09O,0,0,0,1,0,1
B10,3339,3776,7115,6503,3375,9878
B11,5603,6243,11846,11633,6375,18008
B12,2841,2848,5689,4748,2462,7210
B13,2982,3578,6560,12551,9711,22262
B14,3215,3962,7177,13180,10964,24144
B15,1632,1709,3341,5096,3898,8994
B16,2925,3052,5977,6440,3984,10424
B17,1839,2142,3981,8571,7188,15759
B18,2101,2623,4724,3790,2380,6170
B19,3213,3558,6771,4689,2484,7173
B20,3948,4488,8436,10451,7221,17672
B21,4935,4981,9916,7498,4247,11745
B23,4133,5128,9261,13103,9898,23001
B24,2280,2811,5091,9003,6941,15944
B25,1522,1972,3494,4824,3250,8074
B26,2074,2617,4691,11382,9021,20403
B27,2249,2678,4927,7738,5599,13337
B28,1825,2357,4182,11023,9053,20076
B29,3312,3830,7142,9618,7656,17274
B30,1944,2334,4278,9087,8228,17315
B31,4228,5501,9729,17217,14518,31735
B32,2944,4231,7175,11399,9229,20628
B33,3011,4069,7080,10046,7312,17358
B34,1383,1848,3231,5984,4711,10695
B35,856,1175,2031,2419,2068,4487
B36,2439,3324,5763,11596,9394,20990
B37,2927,3755,6682,10710,8679,19389
B38,1607,2069,3676,6093,5191,11284
B41,1,0,1,1,0,1
B42,1662,2013,3675,7952,6649,14601
B43,1435,1878,3313,10698,9219,19917
B44,2835,3811,6646,10909,8652,19561
B45,1921,2481,4402,10689,9263,19952
B46,432,470,902,5115,4738,9853
B47,253,296,549,4014,3968,7982
B48,187,172,359,2367,2240,4607
B49,325,427,752,4206,3994,8200
B50,193,218,411,2575,2437,5012
B60,937,1060,1997,10539,9872,20411
B61,1071,1269,2340,9444,8823,18267
B62,1018,1247,2265,9148,8147,17295
B63,1709,2274,3983,12778,10980,23758
B64,1036,1391,2427,5516,4444,9960
B65,1543,2106,3649,7715,6073,13788
B66,3120,3473,6593,5906,3527,9433
B67,3099,3673,6772,8970,6247,15217
B68,2313,3020,5333,10302,8001,18303
B69,2134,2867,5001,9127,6901,16028
B70,2949,3664,6613,8532,5277,13809
B71,2343,3022,5365,9627,7131,16758
B72,434,420,854,3865,3424,7289
B73,955,1068,2023,8925,8184,17109
B74,871,1078,1949,13062,12331,25393
B75,1128,1418,2546,9951,9490,19441
B76,942,897,1839,9203,8040,17243
B77,2774,3927,6701,20222,17157,37379
B78,981,1197,2178,9277,8162,17439
B79,1031,1295,2326,8602,7265,15867
B80,249,275,524,2824,2625,5449
B85,0,0,0,1,0,1
B90,1747,2025,3772,18401,17190,35591
B91,1232,1406,2638,13633,12890,26523
B92,1731,2041,3772,14004,12356,26360
B93,523,577,1100,8001,7932,15933
B94,144,175,319,3335,3181,6516
B95,192,197,389,2592,2552,5144
B96,97,144,241,2243,2143,4386
B97,1328,1635,2963,12412,10974,23386
B98,2908,3863,6771,17461,14329,31790
BA00,0,0,0,1,1,2
BA01,2494,2823,5317,14140,12803,26943
BA02,4056,4472,8528,23990,21859,45849
BA03,1395,1424,2819,14053,13054,27107
BA04,637,770,1407,7286,6650,13936
BA05,730,755,1485,7198,6990,14188
BA06,663,653,1316,5218,5117,10335
BA07,112,139,251,1389,1455,2844
BA08,134,168,302,1765,1656,3421
BA09,254,328,582,3219,2979,6198
BA10,150,180,330,1327,1311,2638
BA11,1395,1709,3104,12572,12015,24587
BA12,1162,1442,2604,11390,10444,21834
BA13,816,946,1762,7860,7335,15195
BA14,2405,2592,4997,18430,16969,35399
BA15,499,590,1089,5191,5267,10458
BA16,617,647,1264,4870,4489,9359
BA20,503,577,1080,4327,3661,7988
BA21,1707,2166,3873,12470,10722,23192
BA22,470,519,989,7458,7000,14458
BB00,0,0,0,1,1,2
BB01,4450,5929,10379,21449,15763,37212
BB02,3877,4830,8707,19325,15177,34502
BB03,1901,2393,4294,11626,9787,21413
BB04,1882,2423,4305,15193,13601,28794
BB05,3759,4685,8444,20037,16324,36361
BB06,689,789,1478,5406,4810,10216
BB07,1102,1204,2306,13407,12801,26208
BB08,1151,1381,2532,8114,7215,15329
BB09,2833,3488,6321,14735,11052,25787
BB10,2239,2746,4985,12770,10233,23003
BB11,1632,2026,3658,7243,5685,12928
BB12,1790,2079,3869,12435,10678,23113
BB18,642,830,1472,6365,5632,11997
BD00,0,0,0,1,0,1
BD01,645,428,1073,980,408,1388
BD02,1911,2455,4366,9636,7841,17477
BD03,3471,4034,7505,8153,4653,12806
BD04,2422,3256,5678,8356,6375,14731
BD05,2969,3510,6479,7347,4179,11526
BD06,1897,2573,4470,9325,7661,16986
BD07,3542,3695,7237,9346,5611,14957
BD08,2903,3488,6391,8149,4790,12939
BD09,2104,2898,5002,8292,5855,14147
BD10,1429,1875,3304,8906,7905,16811
BD11,408,532,940,4101,3864,7965
BD12,865,1166,2031,5830,4972,10802
BD13,1164,1403,2567,9560,8689,18249
BD14,422,586,1008,2785,2408,5193
BD15,885,1219,2104,5431,4606,10037
BD16,1065,1240,2305,9440,8681,18121
BD17,721,838,1559,6879,6291,13170
BD18,1725,2209,3934,8673,7138,15811
BD19,949,1161,2110,8036,7234,15270
BD20,1257,1601,2858,14059,13009,27068
BD21,1908,2578,4486,7248,5137,12385
BD22,1446,1864,3310,10517,9342,19859
BD23,1063,1222,2285,11745,10966,22711
BD24,180,219,399,2103,1950,4053
BD99,0,0,0,0,1,1
BH00,0,0,0,0,1,1
BH01,2127,1975,4102,7132,4755,11887
BH02,872,731,1603,3337,2177,5514
BH02O,0,0,0,1,0,1
BH03,311,324,635,2170,1840,4010
BH04,493,514,1007,3807,3211,7018
BH05,727,747,1474,3940,3115,7055
BH06,1016,1126,2142,8611,8437,17048
BH07,686,718,1404,4287,3938,8225
BH08,1953,2015,3968,9777,8246,18023
BH09,1695,1771,3466,10237,9318,19555
BH10,844,1012,1856,7463,6912,14375
BH11,1080,1286,2366,7111,6513,13624
BH12,1908,2148,4056,12679,11279,23958
BH13,151,214,365,3453,3276,6729
BH14,994,989,1983,9598,8968,18566
BH15,1653,1801,3454,12553,11259,23812
BH16,589,771,1360,6110,5859,11969
BH17,893,1166,2059,8541,8044,16585
BH18,264,236,500,5081,4882,9963
BH19,446,567,1013,4393,3990,8383
BH20,999,804,1803,8621,7521,16142
BH21,1015,1168,2183,16744,16765,33509
BH22,673,686,1359,11423,10966,22389
BH23,1935,1975,3910,21172,20710,41882
BH24,733,711,1444,10034,9821,19855
BH25,853,956,1809,9893,9717,19610
BH31,294,307,601,5400,5446,10846
BL00,661,783,1444,6553,6324,12877
BL01,4374,4984,9358,21623,16853,38476
BL02,2854,3404,6258,15425,13152,28577
BL03,4994,5892,10886,20834,14711,35545
BL04,2326,2999,5325,10854,8379,19233
BL05,1110,1248,2358,10221,9374,19595
BL06,1330,1545,2875,11539,10542,22081
BL07,404,492,896,6245,6018,12263
BL08,1487,1765,3252,13632,12489,26121
BL09,3399,4114,7513,16669,13341,30010
BN01,7003,6764,13767,26272,21888,48160
BN02,7877,8330,16207,27751,22317,50068
BN03,6189,6323,12512,28117,24083,52200
BN04,3,2,5,15,10,25
BN05,205,255,460,3248,3255,6503
BN06,663,700,1363,7087,7163,14250
BN07,1265,1498,2763,6967,6809,13776
BN08,525,585,1110,6484,6441,12925
BN09,849,1090,1939,4586,3923,8509
BN10,1025,1217,2242,7117,6267,13384
BN11,2155,2347,4502,11115,9561,20676
BN12,839,983,1822,8373,8155,16528
BN13,1251,1380,2631,10891,10419,21310
BN14,1522,1655,3177,11370,10751,22121
BN15,1357,1568,2925,10152,9062,19214
BN16,907,1011,1918,11255,11333,22588
BN17,1659,2030,3689,11148,9852,21000
BN18,549,513,1062,5384,5182,10566
BN19,0,0,0,1,0,1
BN20,848,1054,1902,7846,7697,15543
BN21,1710,1816,3526,8433,7088,15521
BN22,2060,2533,4593,10911,9804,20715
BN23,1341,1730,3071,10254,9209,19463
BN24,294,338,632,4025,3929,7954
BN25,971,1223,2194,9038,8541,17579
BN26,453,525,978,4830,4618,9448
BN27,1145,1376,2521,11485,11054,22539
BN32,1,0,1,0,0,0
BN40,0,0,0,1,0,1
BN41,1530,1704,3234,6789,6338,13127
BN42,570,657,1227,3685,3295,6980
BN43,1240,1291,2531,8540,8027,16567
BN44,324,381,705,4056,4070,8126
BN45,26,19,45,262,255,517
BR00,0,0,0,1,0,1
BR01,4500,5366,9866,20161,18082,38243
BR02,2631,2877,5508,17754,16692,34446
BR03,2759,3267,6026,18351,17040,35391
BR04,985,882,1867,7595,7292,14887
BR05,2973,3836,6809,16017,14779,30796
BR06,2163,2478,4641,18103,17313,35416
BR07,721,882,1603,7199,6926,14125
BR08,1106,1417,2523,8485,7670,16155
BS00,0,0,0,1,0,1
BS01,1136,995,2131,3715,2210,5925
BS02,1873,1942,3815,4757,3176,7933
BS03,2533,2824,5357,12945,10849,23794
BS04,3264,4136,7400,16770,13864,30634
BS05,5164,5510,10674,17659,13178,30837
BS06,2112,2237,4349,10719,9617,20336
BS07,2851,3020,5871,13785,11319,25104
BS08,1503,1518,3021,8469,7395,15864
BS09,1309,1352,2661,12155,11442,23597
BS10,1928,2580,4508,9617,7985,17602
BS11,1316,1567,2883,6095,4840,10935
BS12,18,14,32,105,52,157
BS13,2080,2811,4891,9502,7670,17172
BS14,1362,1591,2953,10702,9634,20336
BS15,2072,2436,4508,17904,15839,33743
BS16,3954,4328,8282,29130,25993,55123
BS17,16,17,33,88,62,150
BS18,15,14,29,79,61,140
BS19,4,6,10,45,37,82
BS20,962,1175,2137,12668,11903,24571
BS21,763,996,1759,9150,8768,17918
BS22,1455,1846,3301,14511,13112,27623
BS23,2309,2637,4946,11984,9423,21407
BS24,742,973,1715,8775,8214,16989
BS25,178,158,336,2679,2535,5214
BS26,148,146,294,2062,2032,4094
BS27,216,225,441,2982,2888,5870
BS28,72,71,143,1451,1415,2866
BS29,78,101,179,1145,1026,2171
BS30,892,1057,1949,11644,11116,22760
BS31,745,931,1676,8398,7895,16293
BS32,1029,1099,2128,9353,8494,17847
BS34,1722,1975,3697,12361,10498,22859
BS35,742,840,1582,9587,8873,18460
BS36,479,484,963,6533,6316,12849
BS37,1428,1764,3192,15349,14104,29453
BS38,0,0,0,1,0,1
BS39,443,514,957,6694,6275,12969
BS40,298,324,622,5541,5456,10997
BS41,166,204,370,2432,2331,4763
BS45,0,0,0,1,1,2
BS48,728,848,1576,9349,9033,18382
BS49,383,420,803,4725,4629,9354
BS53,0,0,0,1,0,1
BS57,0,0,0,1,0,1
BS67,0,0,0,0,1,1
BS94,0,1,1,0,0,0
BS99,1,0,1,0,0,0
CA00,0,0,0,1,1,2
CA01,1515,1833,3348,7596,6091,13687
CA02,2059,2772,4831,13015,10733,23748
CA03,486,576,1062,5261,4760,10021
CA04,183,252,435,3979,3844,7823
CA05,189,202,391,2992,2928,5920
CA06,267,336,603,3831,3370,7201
CA07,694,901,1595,8801,8075,16876
CA08,291,414,705,4140,3811,7951
CA09,69,102,171,865,769,1634
CA10,339,432,771,5968,5575,11543
CA11,843,1036,1879,8356,7545,15901
CA12,317,352,669,3068,2735,5803
CA13,465,624,1089,6073,5658,11731
CA14,1583,2187,3770,12562,10508,23070
CA15,716,970,1686,5637,4711,10348
CA16,144,166,310,2569,2426,4995
CA17,122,169,291,2017,1792,3809
CA18,12,4,16,117,119,236
CA19,27,29,56,456,425,881
CA20,78,90,168,1362,1219,2581
CA21,22,21,43,323,282,605
CA22,443,570,1013,3160,2623,5783
CA23,54,64,118,567,482,1049
CA24,32,56,88,402,325,727
CA25,295,411,706,1927,1617,3544
CA26,147,204,351,1314,1154,2468
CA27,43,63,106,656,569,1225
CA28,1415,1742,3157,9750,8000,17750
CB01,3856,4080,7936,16369,13961,30330
CB02,1585,1703,3288,7559,6693,14252
CB03,1162,1328,2490,6488,5862,12350
CB04,3793,4093,7886,16132,13245,29377
CB05,1099,1221,2320,4937,4074,9011
CB06,1335,1649,2984,14698,13430,28128
CB07,1106,1224,2330,10368,9469,19837
CB08,1542,1645,3187,12443,11313,23756
CB09,1554,2103,3657,11490,9864,21354
CB10,547,660,1207,5783,5456,11239
CB11,659,768,1427,7326,6946,14272
CB12,0,0,0,1,1,2
CB19,0,0,0,1,0,1
CB21,437,478,915,5383,5014,10397
CB22,736,748,1484,8307,7685,15992
CB23,1075,1263,2338,11555,10938,22493
CB24,1052,1146,2198,11696,10811,22507
CB25,495,513,1008,6149,5714,11863
CF00,1,0,1,0,0,0
CF01,87,68,155,150,52,202
CF02,48,43,91,132,45,177
CF03,2719,3511,6230,13796,12608,26404
CF04,46,37,83,151,111,262
CF05,4005,4886,8891,21283,19409,40692
CF06,84,74,158,134,63,197
CF07,13,8,21,65,48,113
CF08,53,44,97,150,106,256
CF09,0,0,0,1,0,1
CF10,1472,1274,2746,4144,2469,6613
CF11,3476,3369,6845,11395,8109,19504
CF14,3220,3615,6835,26411,24987,51398
CF15,561,671,1232,7070,7000,14070
CF16,0,0,0,0,1,1
CF18,0,1,1,0,0,0
CF23,2390,2870,5260,15897,15011,30908
CF24,5375,4705,10080,12092,8336,20428
CF31,1962,2389,4351,16035,14654,30689
CF32,1431,1804,3235,10882,9362,20244
CF33,771,1005,1776,5004,4318,9322
CF34,1033,1374,2407,6723,5385,12108
CF35,485,595,1080,7143,6668,13811
CF36,534,657,1191,6214,5801,12015
CF37,2270,2509,4779,12332,9927,22259
CF38,745,977,1722,8776,8238,17014
CF39,1381,1961,3342,9717,7974,17691
CF40,1068,1473,2541,6577,5200,11777
CF41,519,712,1231,3559,2759,6318
CF42,713,938,1651,4307,3442,7749
CF43,698,1000,1698,3719,2745,6464
CF44,1987,2754,4741,13626,11176,24802
CF45,1184,1526,2710,6144,4785,10929
CF46,610,870,1480,5181,4561,9742
CF47,1326,1869,3195,6773,5182,11955
CF48,1413,1872,3285,9062,7462,16524
CF61,491,572,1063,3695,3490,7185
CF62,2018,2419,4437,14849,14177,29026
CF63,1484,1705,3189,6655,5918,12573
CF64,1566,1723,3289,13641,13232,26873
CF71,210,222,432,3951,3902,7853
CF72,840,1066,1906,10041,9655,19696
CF81,975,1325,2300,5217,3899,9116
CF82,947,1199,2146,7038,6086,13124
CF83,2719,3439,6158,18150,16105,34255
CH01,2216,2460,4676,9521,7591,17112
CH02,1629,1990,3619,12727,11331,24058
CH03,1224,1359,2583,14147,13422,27569
CH04,1588,2007,3595,12484,11518,24002
CH05,2172,2643,4815,15150,12911,28061
CH06,913,1211,2124,5849,4984,10833
CH06R,0,0,0,1,0,1
CH07,1735,2258,3993,19202,18002,37204
CH08,921,1211,2132,7749,6759,14508
CH09,1,0,1,1,0,1
CH14,0,0,0,1,0,1
CH22,0,0,0,0,1,1
CH24,0,0,0,1,0,1
CH41,1829,2097,3926,4599,3314,7913
CH42,2628,3035,5663,8778,7133,15911
CH43,2209,2408,4617,12961,11454,24415
CH44,2422,2795,5217,8296,6618,14914
CH45,1746,1950,3696,10657,9638,20295
CH46,1533,1833,3366,8359,7417,15776
CH47,427,505,932,4164,4061,8225
CH48,588,603,1191,5847,5783,11630
CH49,1448,1771,3219,10142,9670,19812
CH51,0,0,0,0,1,1
CH60,331,309,640,5405,5394,10799
CH61,566,658,1224,6611,6499,13110
CH62,1603,1882,3485,10179,9236,19415
CH63,1169,1377,2546,10952,10586,21538
CH64,613,698,1311,7607,7303,14910
CH65,1976,2397,4373,9088,7563,16651
CH66,1508,1822,3330,13167,12168,25335
CM00,604,731,1335,6975,6211,13186
CM01,3326,3753,7079,24242,21813,46055
CM02,2530,3038,5568,22872,20647,43519
CM03,1620,1945,3565,22691,21537,44228
CM04,334,346,680,4402,4321,8723
CM05,338,377,715,4611,4404,9015
CM06,745,881,1626,11536,11089,22625
CM07,2261,2836,5097,18341,15966,34307
CM08,1559,2027,3586,12115,10821,22936
CM09,1210,1513,2723,13711,12609,26320
CM11,665,789,1454,7984,7479,15463
CM12,706,707,1413,8244,7919,16163
CM13,955,1108,2063,10147,9430,19577
CM14,974,1213,2187,7966,7239,15205
CM15,803,953,1756,9495,9206,18701
CM16,825,938,1763,9288,8773,18061
CM17,907,1193,2100,9068,8482,17550
CM18,1804,2204,4008,8765,7102,15867
CM19,1429,1702,3131,7848,6219,14067
CM20,1947,2336,4283,8193,6256,14449
CM21,360,421,781,4668,4276,8944
CM22,480,508,988,6537,6099,12636
CM23,1814,2043,3857,15952,14711,30663
CM24,284,343,627,3204,2968,6172
CM77,457,561,1018,6069,5871,11940
CO00,1,1,2,0,0,0
CO01,1356,1531,2887,5541,4251,9792
CO01O,0,0,0,0,1,1
CO02,2243,2837,5080,13030,11082,24112
CO03,1402,1558,2960,11730,10868,22598
CO04,2987,3532,6519,17054,14511,31565
CO05,831,1011,1842,11699,10964,22663
CO06,818,981,1799,11521,11074,22595
CO07,1190,1324,2514,13765,12769,26534
CO08,68,70,138,978,942,1920
CO09,897,1053,1950,10307,9460,19767
CO10,1884,2225,4109,18665,17117,35782
CO11,399,535,934,5284,5035,10319
CO12,1064,1387,2451,8218,6899,15117
CO13,376,477,853,4998,4686,9684
CO14,270,363,633,2436,2030,4466
CO15,2279,2733,5012,15455,12802,28257
CO16,1098,1264,2362,9850,8758,18608
CR00,17721,19952,37673,51857,40721,92578
CR01,6,6,12,8,1,9
CR02,3105,3614,6719,18309,16504,34813
CR03,1314,1538,2852,11252,10833,22085
CR04,8685,8560,17245,21218,14603,35821
CR05,1415,1717,3132,11593,11077,22670
CR06,364,417,781,4039,3857,7896
CR07,7077,7030,14107,14724,10753,25477
CR08,1948,2194,4142,12592,11616,24208
CR09,56,40,96,62,22,84
CT00,0,0,0,0,1,1
CT01,2305,2546,4851,8120,6634,14754
CT02,1872,2034,3906,8725,7550,16275
CT03,826,986,1812,7378,6862,14240
CT04,621,658,1279,6973,6852,13825
CT05,1387,1561,2948,12443,11940,24383
CT06,1654,1875,3529,14639,13691,28330
CT07,389,496,885,4614,4253,8867
CT08,428,482,910,2681,2504,5185
CT09,3412,3722,7134,13897,11599,25496
CT10,1305,1407,2712,9134,8561,17695
CT11,2255,2470,4725,9593,8214,17807
CT12,1163,1387,2550,6402,5565,11967
CT13,368,431,799,3422,3125,6547
CT14,1667,1987,3654,12836,11467,24303
CT15,469,603,1072,5402,4896,10298
CT16,1328,1432,2760,6838,5516,12354
CT17,1552,1767,3319,6687,5402,12089
CT18,494,508,1002,5835,5494,11329
CT19,1941,2270,4211,9277,7841,17118
CT20,1552,1748,3300,8036,6235,14271
CT21,636,732,1368,6699,6434,13133
CV00,0,0,0,0,1,1
CV01,4722,3684,8406,7083,3075,10158
CV02,5809,7198,13007,20693,15368,36061
CV03,4525,5527,10052,23951,18984,42935
CV04,2398,2765,5163,10293,8062,18355
CV05,2411,2769,5180,17452,14981,32433
CV06,7944,9441,17385,29353,21351,50704
CV07,1116,1409,2525,11414,10458,21872
CV08,1078,1190,2268,12565,11890,24455
CV09,891,1128,2019,8459,7332,15791
CV10,2606,3614,6220,19004,16088,35092
CV11,2002,2427,4429,14741,12160,26901
CV12,1466,2004,3470,11251,9584,20835
CV13,261,316,577,4673,4372,9045
CV18,0,0,0,0,1,1
CV19,0,0,0,1,0,1
CV21,2443,2939,5382,13961,10454,24415
CV22,1573,1882,3455,14257,12660,26917
CV23,693,811,1504,9836,9108,18944
CV27,0,0,0,1,0,1
CV31,2072,2271,4343,10749,8512,19261
CV32,1567,1751,3318,12033,10454,22487
CV33,221,235,456,3041,2924,5965
CV34,1447,1757,3204,12420,11230,23650
CV35,627,777,1404,10903,10653,21556
CV36,279,335,614,4076,3894,7970
CV37,1729,2090,3819,16975,16152,33127
CV42,0,0,0,1,0,1
CV47,569,686,1255,7536,7101,14637
CW01,2562,2970,5532,14019,11696,25715
CW02,2241,2375,4616,14972,12732,27704
CW03,254,321,575,3794,3656,7450
CW04,249,282,531,4225,4230,8455
CW05,993,1059,2052,12043,11574,23617
CW06,277,360,637,5599,5494,11093
CW07,1827,2266,4093,11473,9997,21470
CW08,1240,1482,2722,15325,14482,29807
CW09,1324,1453,2777,13402,12044,25446
CW10,466,580,1046,6143,5692,11835
CW11,790,850,1640,10108,9793,19901
CW12,1063,1202,2265,12265,11474,23739
DA00,1,1,2,0,0,0
DA01,3919,4927,8846,21106,17513,38619
DA02,1063,1369,2432,8669,7990,16659
DA03,575,592,1167,6925,6711,13636
DA04,342,376,718,3830,3562,7392
DA05,871,942,1813,8089,7701,15790
DA06,591,712,1303,3791,3332,7123
DA07,1709,2074,3783,13019,11736,24755
DA08,3150,3934,7084,11086,9217,20303
DA09,737,854,1591,5222,4577,9799
DA10,505,674,1179,3066,2537,5603
DA11,2797,3248,6045,13618,10599,24217
DA12,3282,3755,7037,16883,14060,30943
DA13,355,419,774,6146,5880,12026
DA14,1163,1487,2650,7714,7270,14984
DA15,1280,1541,2821,10789,9856,20645
DA16,2234,2872,5106,13208,11285,24493
DA17,1593,1953,3546,6067,4899,10966
DA18,763,927,1690,1380,948,2328
DD01,1137,1000,2137,2270,1503,3773
DD02,2615,3230,5845,12729,11211,23940
DD03,2688,3085,5773,11045,8737,19782
DD04,3273,3937,7210,12588,10431,23019
DD05,1003,1154,2157,12258,11872,24130
DD06,386,504,890,3474,3380,6854
DD07,464,591,1055,4731,4398,9129
DD08,1078,1416,2494,10697,9587,20284
DD09,505,657,1162,4027,3608,7635
DD10,898,1120,2018,7803,6963,14766
DD11,1332,1661,2993,9816,8452,18268
DE01,1442,1273,2715,4034,2291,6325
DE02,23,17,40,62,26,88
DE03,536,712,1248,6865,6367,13232
DE04,1158,1471,2629,13324,12278,25602
DE05,825,1175,2000,8190,7293,15483
DE06,741,858,1599,10480,9844,20324
DE07,2386,3153,5539,17713,14873,32586
DE11,1888,2446,4334,16726,14779,31505
DE12,681,860,1541,8577,7773,16350
DE13,1366,1765,3131,16062,14755,30817
DE14,2343,2662,5005,10676,7497,18173
DE15,1254,1505,2759,8497,7072,15569
DE19,0,0,0,0,1,1
DE21,2996,3948,6944,19774,16730,36504
DE22,2668,3083,5751,15667,13279,28946
DE23,5118,5497,10615,18921,14010,32931
DE24,3853,5240,9093,17954,13812,31766
DE44,0,0,0,0,1,1
DE45,226,270,496,3314,3209,6523
DE51,0,0,0,1,0,1
DE55,2090,2694,4784,18979,16355,35334
DE56,1305,1582,2887,15163,14085,29248
DE65,661,820,1481,9253,8762,18015
DE66,0,0,0,0,1,1
DE72,594,832,1426,8161,7633,15794
DE73,583,785,1368,7814,7371,15185
DE74,429,480,909,4744,4175,8919
DE75,874,1060,1934,6433,5585,12018
DG01,1167,1355,2522,9991,9087,19078
DG02,1325,1731,3056,7746,6877,14623
DG03,170,236,406,1811,1707,3518
DG04,206,307,513,1486,1126,2612
DG05,218,244,462,1946,1805,3751
DG06,265,286,551,1906,1806,3712
DG07,442,514,956,4680,4510,9190
DG08,471,625,1096,4788,4320,9108
DG09,783,938,1721,5595,4906,10501
DG10,161,202,363,1505,1335,2840
DG11,473,596,1069,5061,4577,9638
DG12,662,805,1467,4338,3726,8064
DG13,114,140,254,1079,966,2045
DG14,38,40,78,565,504,1069
DG16,149,207,356,1402,1247,2649
DH01,2116,2370,4486,13714,12262,25976
DH02,1352,2000,3352,10715,9009,19724
DH03,1269,1706,2975,9018,7602,16620
DH04,1668,2098,3766,11919,10123,22042
DH05,1012,1555,2567,6862,5450,12312
DH06,1504,2151,3655,12075,10325,22400
DH07,1830,2641,4471,14578,12577,27155
DH08,1749,2355,4104,13710,11856,25566
DH09,1994,2722,4716,11820,9403,21223
DH10,0,0,0,1,0,1
DH11,0,0,0,1,0,1
DL01,2889,3954,6843,15161,11670,26831
DL02,463,547,1010,7221,7096,14317
DL03,2333,2812,5145,14926,12908,27834
DL04,603,778,1381,3094,2342,5436
DL05,1536,1997,3533,9989,8579,18568
DL06,540,663,1203,5876,5453,11329
DL07,348,472,820,5965,5854,11819
DL08,396,535,931,7825,7396,15221
DL09,1993,1272,3265,5253,3555,8808
DL10,601,798,1399,7084,6737,13821
DL11,111,119,230,2178,2089,4267
DL12,352,466,818,4774,4367,9141
DL13,406,548,954,5476,4788,10264
DL14,1701,2324,4025,12780,10774,23554
DL15,924,1312,2236,7781,6593,14374
DL16,869,1175,2044,7673,6557,14230
DL17,895,1294,2189,6086,4810,10896
DN00,1,0,1,1,0,1
DN01,1206,1008,2214,2617,1089,3706
DN02,1752,2116,3868,7935,5918,13853
DN03,1121,1536,2657,11077,9588,20665
DN04,3102,3743,6845,18412,14634,33046
DN05,1944,2606,4550,13678,11696,25374
DN06,1876,2497,4373,10088,8071,18159
DN07,1112,1562,2674,7659,6270,13929
DN08,1002,1377,2379,6135,4717,10852
DN09,600,718,1318,8600,8203,16803
DN10,327,405,732,5213,4854,10067
DN11,1375,1858,3233,10050,8649,18699
DN12,1580,2110,3690,7337,5614,12951
DN14,2013,2821,4834,17452,14577,32029
DN15,2580,2672,5252,12189,9333,21522
DN16,1672,2022,3694,10525,8853,19378
DN17,1753,2245,3998,13040,11256,24296
DN18,523,733,1256,4611,3843,8454
DN19,170,212,382,2563,2301,4864
DN20,595,728,1323,7532,6672,14204
DN21,1743,2314,4057,13720,11992,25712
DN22,1364,1748,3112,13437,12199,25636
DN24,0,0,0,0,1,1
DN31,848,1004,1852,2451,1570,4021
DN32,2506,2744,5250,7723,5607,13330
DN33,1294,1501,2795,6479,5485,11964
DN34,1137,1455,2592,6416,5152,11568
DN35,1959,2383,4342,11051,9074,20125
DN36,549,691,1240,8170,7543,15713
DN37,887,1097,1984,8051,7232,15283
DN38,74,109,183,1159,1057,2216
DN39,90,106,196,1151,1001,2152
DN40,669,915,1584,4650,3562,8212
DN41,150,189,339,2584,2467,5051
DT00,0,0,0,0,1,1
DT01,851,1036,1887,7427,7029,14456
DT02,667,754,1421,10619,10405,21024
DT03,854,1018,1872,9559,8900,18459
DT04,2145,2341,4486,13032,11304,24336
DT05,711,841,1552,4374,3808,8182
DT06,757,858,1615,8566,8464,17030
DT07,225,228,453,2195,2111,4306
DT08,164,216,380,2435,2369,4804
DT09,685,815,1500,8321,8235,16556
DT10,302,365,667,4856,4630,9486
DT11,1157,1209,2366,12228,11046,23274
DY01,2175,2687,4862,10786,8530,19316
DY02,2530,3219,5749,10804,7986,18790
DY03,1345,1708,3053,12354,10783,23137
DY04,3127,4173,7300,13370,9895,23265
DY05,2233,3022,5255,13904,11247,25151
DY06,796,1052,1848,10949,10013,20962
DY07,178,210,388,3256,3159,6415
DY08,2044,2462,4506,18486,16632,35118
DY09,1382,1706,3088,11096,9794,20890
DY10,1693,2045,3738,13193,11761,24954
DY11,1416,1754,3170,11536,10015,21551
DY12,347,432,779,5073,4694,9767
DY13,806,1016,1822,8876,8086,16962
DY14,208,207,415,3683,3394,7077
E00,0,0,0,1,0,1
E01,11665,9009,20674,18340,9326,27666
E01H,0,1,1,0,0,0
E01L,1,0,1,0,0,0
E01W,1135,1273,2408,4789,3147,7936
E02,5947,5910,11857,12487,7675,20162
E02A,0,1,1,0,0,0
E02O,0,0,0,0,1,1
E03,7266,7396,14662,16269,10577,26846
E04,4842,5449,10291,22919,19233,42152
E05,7605,7776,15381,12583,8572,21155
E06,17625,13768,31393,24497,12926,37423
E07,13045,9224,22269,16505,8648,25153
E08,5822,6293,12115,11112,7981,19093
E09,5933,6591,12524,9903,7277,17180
E10,8209,6936,15145,14920,8725,23645
E11,7147,6802,13949,19070,13922,32992
E12,9828,7187,17015,12687,6636,19323
E13,10497,8217,18714,13910,7434,21344
E14,10540,10959,21499,26758,15846,42604
E15,9880,8784,18664,16087,9067,25154
E16,7799,8221,16020,15770,9597,25367
E17,15910,14750,30660,34968,23423,58391
E18,1451,1564,3015,7277,6281,13558
E19,1,0,1,1,0,1
E20,442,541,983,1722,1074,2796
EC01,16,6,22,21,6,27
EC01A,83,67,150,348,203,551
EC01B,2,0,2,1,0,1
EC01H,0,0,0,0,1,1
EC01M,109,97,206,465,262,727
EC01N,321,347,668,718,385,1103
EC01P,2,2,4,4,0,4
EC01Q,1,0,1,0,0,0
EC01R,576,664,1240,1527,1027,2554
EC01S,0,0,0,1,0,1
EC01U,2,1,3,0,0,0
EC01V,1646,1685,3331,3798,2260,6058
EC01Y,398,409,807,1072,642,1714
EC01Z,0,0,0,1,0,1
EC02,1,1,2,6,2,8
EC02A,129,111,240,568,297,865
EC02H,0,1,1,2,0,2
EC02M,22,9,31,160,31,191
EC02N,4,3,7,31,6,37
EC02P,0,0,0,5,2,7
EC02R,1,1,2,43,16,59
EC02U,0,0,0,1,0,1
EC02V,4,5,9,94,26,120
EC02Y,200,191,391,1450,1009,2459
EC03,0,1,1,1,0,1
EC03A,7,5,12,71,9,80
EC03M,5,4,9,22,7,29
EC03N,33,27,60,143,58,201
EC03P,1,0,1,1,1,2
EC03R,22,15,37,63,29,92
EC03V,4,1,5,54,18,72
EC03Z,1,0,1,0,0,0
EC04,2,1,3,3,1,4
EC04A,48,25,73,142,85,227
EC04B,0,0,0,1,0,1
EC04H,0,0,0,1,0,1
EC04M,17,15,32,128,52,180
EC04N,7,2,9,71,19,90
EC04P,0,0,0,9,4,13
EC04R,6,5,11,43,13,56
EC04S,1,0,1,0,0,0
EC04V,29,27,56,177,99,276
EC04W,0,0,0,1,0,1
EC04Y,20,15,35,119,69,188
EC08Y,0,1,1,0,0,0
EC10,1,0,1,0,0,0
EC11,0,1,1,0,0,0
EC12,0,0,0,1,0,1
EC14,1,2,3,3,0,3
EC15,0,0,0,1,0,1
EC16,0,0,0,1,0,1
EC17,1,0,1,2,2,4
EC19,0,1,1,0,0,0
EC24,0,0,0,0,1,1
EC27,0,0,0,3,0,3
EC28,0,0,0,1,0,1
EC31,0,0,0,0,1,1
EC34,1,0,1,0,0,0
EC47,0,0,0,4,0,4
EC77,1,0,1,0,0,0
EH00,1,5,6,1,3,4
EH01,594,533,1127,1457,1025,2482
EH01U,0,1,1,0,0,0
EH02,113,106,219,427,248,675
EH03,1852,1934,3786,7457,6316,13773
EH03O,0,0,0,1,0,1
EH04,3832,4303,8135,18060,16147,34207
EH05,1587,1905,3492,6474,5418,11892
EH06,3376,3551,6927,12237,9826,22063
EH07,2830,3090,5920,10287,8079,18366
EH08,1876,1952,3828,5848,4666,10514
EH09,1391,1524,2915,6383,5966,12349
EH10,1960,1892,3852,13001,11601,24602
EH11,3799,3851,7650,10301,7674,17975
EH12,1958,2463,4421,14208,13170,27378
EH13,929,1039,1968,4847,4387,9234
EH14,2727,2958,5685,13340,11399,24739
EH15,1390,1593,2983,6957,6327,13284
EH16,2497,2927,5424,9358,7743,17101
EH17,1456,1902,3358,6242,5052,11294
EH18,101,144,245,839,822,1661
EH19,676,904,1580,5290,4928,10218
EH20,348,497,845,2361,1978,4339
EH21,1559,1873,3432,8347,7440,15787
EH22,1828,2357,4185,10992,9651,20643
EH23,480,659,1139,3262,2929,6191
EH24,78,131,209,731,705,1436
EH25,154,211,365,1251,1177,2428
EH26,878,1169,2047,6084,5437,11521
EH27,143,156,299,1091,1018,2109
EH28,150,201,351,1317,1163,2480
EH29,200,280,480,1950,1825,3775
EH30,453,656,1109,3805,3501,7306
EH31,83,87,170,1041,1037,2078
EH32,936,1214,2150,6988,6294,13282
EH33,673,870,1543,4776,4253,9029
EH34,64,82,146,1016,1013,2029
EH35,82,146,228,844,712,1556
EH36,12,8,20,166,166,332
EH37,50,83,133,640,606,1246
EH38,12,14,26,172,181,353
EH39,348,482,830,3797,3683,7480
EH40,69,82,151,837,824,1661
EH41,502,648,1150,4818,4545,9363
EH42,487,623,1110,4206,3943,8149
EH43,46,65,111,284,257,541
EH44,125,161,286,1279,1199,2478
EH45,451,557,1008,4091,3929,8020
EH46,130,141,271,1488,1503,2991
EH47,1456,2051,3507,9244,7718,16962
EH48,1784,2321,4105,13460,11780,25240
EH49,658,846,1504,6082,5723,11805
EH51,713,888,1601,5209,4602,9811
EH52,960,1321,2281,7298,6291,13589
EH53,476,593,1069,4244,3871,8115
EH54,3649,4675,8324,18386,15775,34161
EH55,425,530,955,3084,2614,5698
EN00,0,0,0,0,1,1
EN01,3695,4496,8191,15523,13445,28968
EN02,1702,2204,3906,10977,9915,20892
EN03,6100,7872,13972,17816,13599,31415
EN04,1624,1851,3475,10072,9090,19162
EN05,2627,3233,5860,14394,12968,27362
EN06,1307,1476,2783,11633,11062,22695
EN07,852,948,1800,8675,8269,16944
EN08,2368,2795,5163,13794,11441,25235
EN09,1131,1319,2450,9796,8642,18438
EN10,731,865,1596,6851,6432,13283
EN11,1038,1120,2158,8588,7579,16167
EX00,0,0,0,1,0,1
EX01,1323,1544,2867,7591,6833,14424
EX02,2191,2647,4838,15066,13707,28773
EX03,164,159,323,1906,1967,3873
EX04,3435,3855,7290,16139,13520,29659
EX05,658,767,1425,9515,9267,18782
EX06,385,432,817,6141,5898,12039
EX07,620,730,1350,5125,4746,9871
EX08,1715,2043,3758,13761,12720,26481
EX09,159,233,392,2764,2762,5526
EX10,526,665,1191,6627,6690,13317
EX11,239,276,515,3552,3575,7127
EX12,268,403,671,3698,3523,7221
EX13,396,479,875,5058,4876,9934
EX14,661,832,1493,8486,7922,16408
EX15,762,846,1608,8953,8404,17357
EX16,1305,1551,2856,12307,11395,23702
EX17,728,871,1599,7684,7262,14946
EX18,103,95,198,1365,1317,2682
EX19,65,106,171,1582,1474,3056
EX20,711,908,1619,8434,7830,16264
EX21,119,99,218,1914,1811,3725
EX22,323,391,714,4708,4260,8968
EX23,594,654,1248,6245,5894,12139
EX24,103,131,234,1511,1509,3020
EX31,899,1123,2022,10246,9595,19841
EX32,1343,1563,2906,8300,7362,15662
EX33,328,418,746,4038,3756,7794
EX34,947,1094,2041,6340,5446,11786
EX35,79,71,150,693,634,1327
EX36,312,364,676,3693,3395,7088
EX37,78,88,166,1660,1549,3209
EX38,312,361,673,3195,2959,6154
EX39,1539,1901,3440,14504,13440,27944
FK01,1469,1895,3364,9773,8338,18111
FK01O,0,0,0,0,1,1
FK02,2226,2784,5010,17449,15577,33026
FK03,991,1268,2259,5392,4432,9824
FK04,564,799,1363,4776,4299,9075
FK05,761,1039,1800,7307,6871,14178
FK06,658,866,1524,4968,4288,9256
FK07,1544,2136,3680,10310,9485,19795
FK08,1105,1213,2318,6195,5512,11707
FK09,597,778,1375,4448,4089,8537
FK10,1994,2595,4589,12539,11102,23641
FK11,104,125,229,1020,1028,2048
FK12,237,302,539,1761,1591,3352
FK13,297,357,654,2179,1867,4046
FK14,187,196,383,1840,1806,3646
FK15,433,499,932,4123,4028,8151
FK16,79,97,176,930,890,1820
FK17,153,176,329,1380,1286,2666
FK18,4,8,12,102,82,184
FK19,24,30,54,260,210,470
FK20,29,45,74,165,119,284
FK21,43,53,96,402,341,743
FY00,0,0,0,2,2,4
FY01,3649,3705,7354,9298,5920,15218
FY02,1432,1601,3033,8151,6975,15126
FY03,2263,2747,5010,10169,8670,18839
FY04,2688,3348,6036,14761,12394,27155
FY05,1695,1936,3631,16589,15145,31734
FY06,793,923,1716,11357,10758,22115
FY07,1907,2136,4043,8014,6395,14409
FY08,1821,2041,3862,17000,15845,32845
G01,623,412,1035,1528,819,2347
G02,331,225,556,598,280,878
G02O,0,1,1,0,0,0
G03,1961,1676,3637,4980,3306,8286
G04,1365,1020,2385,2650,1466,4116
G05,1472,1243,2715,3188,2014,5202
G06,0,3,3,4,0,4
G07,1,0,1,4,2,6
G08,0,0,0,2,0,2
G09,0,0,0,3,0,3
G10,0,2,2,0,0,0
G11,1631,1695,3326,6069,5390,11459
G12,1755,1667,3422,8257,7420,15677
G13,2332,2679,5011,9837,8452,18289
G14,1575,1791,3366,5129,4262,9391
G15,1787,2064,3851,4021,3248,7269
G16,2,1,3,0,0,0
G17,0,0,0,0,1,1
G18,0,1,1,0,1,1
G19,1,0,1,0,0,0
G20,3191,3385,6576,7863,6029,13892
G21,3330,3654,6984,6607,4439,11046
G22,1961,2281,4242,4079,2881,6960
G23,580,736,1316,2116,1786,3902
G24,1,0,1,0,0,0
G25,0,2,2,1,0,1
G26,0,0,0,1,0,1
G29,0,0,0,1,0,1
G30,3,0,3,1,0,1
G31,2863,3021,5884,5924,4137,10061
G32,2654,3338,5992,10836,8476,19312
G33,3557,4244,7801,12678,10558,23236
G34,1095,1305,2400,1748,1232,2980
G35,1,1,2,0,0,0
G36,0,2,2,2,0,2
G38,0,0,0,1,0,1
G39,0,0,0,0,1,1
G40,1319,1553,2872,3114,2029,5143
G41,2758,2878,5636,10760,8903,19663
G42,3849,3266,7115,8276,5625,13901
G43,1273,1398,2671,5467,4696,10163
G44,1786,2215,4001,9311,8372,17683
G45,1746,2000,3746,3359,2295,5654
G46,1734,1941,3675,8565,7938,16503
G47,1,1,2,2,0,2
G48,2,0,2,2,1,3
G49,0,0,0,3,0,3
G50,2,0,2,1,1,2
G51,3012,2944,5956,5873,3841,9714
G52,2278,2845,5123,8029,6687,14716
G53,2892,3452,6344,9765,8361,18126
G54,1,0,1,2,0,2
G55,0,2,2,1,1,2
G56,1,1,2,1,0,1
G57,0,1,1,0,0,0
G58,0,0,0,1,0,1
G60,266,296,562,1953,1857,3810
G61,1055,1130,2185,11212,11136,22348
G62,595,640,1235,5037,5023,10060
G63,306,359,665,3854,3992,7846
G64,1138,1461,2599,9727,9295,19022
G65,795,995,1790,4621,3909,8530
G66,1923,2383,4306,13977,12926,26903
G67,2687,3299,5986,10441,8354,18795
G68,789,915,1704,7224,6871,14095
G69,1775,2253,4028,12426,11213,23639
G70,0,0,0,1,1,2
G71,1463,1871,3334,10776,10057,20833
G72,2903,3590,6493,16938,14940,31878
G73,2244,2622,4866,9851,8575,18426
G74,1907,2332,4239,13334,11726,25060
G75,2365,3074,5439,13607,11997,25604
G76,945,1098,2043,8136,8130,16266
G77,842,1023,1865,9925,10170,20095
G78,1429,1754,3183,7878,7067,14945
G80,1,0,1,0,0,0
G81,2989,3683,6672,11210,9358,20568
G82,1584,1996,3580,8733,7738,16471
G83,1491,1968,3459,8106,7092,15198
G84,1176,1414,2590,7850,7183,15033
GL00,0,0,0,0,1,1
GL01,3207,3367,6574,11188,7969,19157
GL01D,0,0,0,0,1,1
GL02,1984,2479,4463,22208,20744,42952
GL03,1257,1674,2931,12630,11636,24266
GL04,2415,3005,5420,17140,15346,32486
GL05,1500,1608,3108,11556,10882,22438
GL06,831,936,1767,10073,9955,20028
GL07,1657,1923,3580,17559,16729,34288
GL08,262,354,616,3550,3526,7076
GL09,51,63,114,1106,1078,2184
GL10,587,592,1179,5644,5179,10823
GL11,622,789,1411,7295,6871,14166
GL12,496,482,978,6222,5851,12073
GL13,150,176,326,2543,2276,4819
GL14,698,853,1551,5823,5065,10888
GL15,729,903,1632,8446,7764,16210
GL16,465,625,1090,5376,4988,10364
GL17,377,498,875,4706,4336,9042
GL18,268,357,625,3386,3069,6455
GL19,229,208,437,3720,3604,7324
GL20,1074,1193,2267,11282,10407,21689
GL50,1278,1530,2808,7648,6404,14052
GL51,2768,3417,6185,18417,15886,34303
GL52,2074,2291,4365,17360,16517,33877
GL53,805,832,1637,7821,7681,15502
GL54,777,862,1639,9974,9699,19673
GL55,179,178,357,2333,2377,4710
GL56,324,385,709,3808,3815,7623
GU00,0,0,0,0,1,1
GU01,1987,2143,4130,11615,10045,21660
GU02,2231,2325,4556,10506,8743,19249
GU03,393,408,801,4731,4634,9365
GU04,570,620,1190,6633,6568,13201
GU05,352,423,775,4411,4553,8964
GU06,566,552,1118,6022,5993,12015
GU07,1107,1207,2314,8722,8479,17201
GU08,600,637,1237,7134,7128,14262
GU09,1158,1425,2583,11470,11079,22549
GU10,664,747,1411,9809,9692,19501
GU11,1826,2070,3896,8806,6863,15669
GU12,1545,1953,3498,12343,10969,23312
GU13,736,14,750,370,30,400
GU14,2989,3474,6463,21540,18875,40415
GU15,1854,2021,3875,14280,12793,27073
GU16,1045,973,2018,9877,9028,18905
GU17,713,493,1206,5291,4177,9468
GU18,145,179,324,3000,2983,5983
GU19,226,222,448,2459,2362,4821
GU20,122,137,259,1960,1929,3889
GU21,2945,3263,6208,19416,17085,36501
GU22,1867,2191,4058,14469,12851,27320
GU23,231,240,471,2895,2823,5718
GU24,828,760,1588,7206,6944,14150
GU25,384,404,788,2824,2847,5671
GU26,249,246,495,3152,3063,6215
GU27,708,850,1558,6968,6771,13739
GU28,257,256,513,2707,2649,5356
GU29,306,422,728,3846,4006,7852
GU30,374,421,795,4009,3979,7988
GU31,384,437,821,4605,4518,9123
GU32,517,612,1129,4621,4447,9068
GU33,273,338,611,3362,3292,6654
GU34,1123,1346,2469,12940,12395,25335
GU35,1000,1170,2170,9712,8734,18446
GU46,381,432,813,6176,5907,12083
GU47,644,748,1392,7773,7319,15092
GU51,785,755,1540,9862,9330,19192
GU52,447,508,955,7209,7102,14311
HA00,12765,10472,23237,18737,11444,30181
HA01,4867,5042,9909,15256,11104,26360
HA02,6122,6731,12853,21988,16743,38731
HA03,8802,8533,17335,29897,21787,51684
HA04,2782,3236,6018,19874,17842,37716
HA05,2616,2951,5567,18240,16862,35102
HA06,1243,1562,2805,9556,8913,18469
HA07,3136,3385,6521,15666,13038,28704
HA08,8951,8624,17575,27764,20332,48096
HA09,10195,8356,18551,19666,12570,32236
HD01,2600,2315,4915,6108,3706,9814
HD02,2047,2693,4740,9275,7635,16910
HD03,1443,1949,3392,10686,9719,20405
HD04,1763,2308,4071,9583,7920,17503
HD05,1748,2335,4083,9926,8392,18318
HD06,1331,1532,2863,9381,8470,17851
HD07,984,1286,2270,8374,7586,15960
HD08,966,1211,2177,12789,12199,24988
HD09,1289,1560,2849,13545,12643,26188
HG01,1686,1964,3650,12421,11300,23721
HG02,1440,1616,3056,11960,11519,23479
HG03,895,1007,1902,10905,10614,21519
HG04,924,1188,2112,9638,8981,18619
HG05,641,731,1372,7258,6871,14129
HP01,1292,1473,2765,9717,8862,18579
HP02,2396,2988,5384,14885,12683,27568
HP02U,0,0,0,1,0,1
HP03,1578,1875,3453,12877,11555,24432
HP04,889,888,1777,9645,9522,19167
HP05,1287,1510,2797,10063,9177,19240
HP06,628,644,1272,5796,5722,11518
HP07,413,485,898,4359,4189,8548
HP08,227,248,475,2964,3040,6004
HP09,628,700,1328,7196,7235,14431
HP10,588,673,1261,7987,7925,15912
HP11,1057,1157,2214,5781,4627,10408
HP12,1520,1842,3362,8274,6444,14718
HP13,2546,3128,5674,16152,13603,29755
HP14,577,615,1192,7358,7024,14382
HP15,447,535,982,7159,7016,14175
HP16,341,380,721,4953,4953,9906
HP17,323,342,665,4313,4201,8514
HP18,596,710,1306,7881,7566,15447
HP19,1378,1812,3190,9063,7711,16774
HP20,997,1174,2171,5369,4380,9749
HP21,1851,2335,4186,12376,10609,22985
HP22,822,848,1670,11210,11094,22304
HP23,634,727,1361,7075,6839,13914
HP25,0,0,0,0,1,1
HP27,386,403,789,5173,5034,10207
HR01,1288,1478,2766,12482,11547,24029
HR02,1822,2310,4132,13890,12277,26167
HR03,173,228,401,3166,3082,6248
HR04,1286,1484,2770,11035,10093,21128
HR05,153,163,316,1876,1681,3557
HR06,800,966,1766,7933,7208,15141
HR07,218,247,465,2940,2612,5552
HR08,470,573,1043,5563,5284,10847
HR09,685,821,1506,8528,7916,16444
HS01,311,338,649,1502,1333,2835
HS02,526,670,1196,5205,4559,9764
HS03,55,68,123,490,372,862
HS04,16,17,33,101,77,178
HS05,9,12,21,97,84,181
HS06,55,98,153,628,552,1180
HS07,66,99,165,470,391,861
HS08,83,108,191,693,586,1279
HS09,75,54,129,434,398,832
HU01,396,279,675,1004,463,1467
HU02,456,426,882,1058,438,1496
HU03,3342,3276,6618,7318,4093,11411
HU04,1485,1856,3341,7669,6089,13758
HU05,3795,3936,7731,14421,11070,25491
HU06,2835,3435,6270,8801,6276,15077
HU07,3167,3863,7030,13874,11180,25054
HU08,2261,2826,5087,10926,8566,19492
HU09,3366,4171,7537,10820,7544,18364
HU10,605,702,1307,7520,7173,14693
HU11,345,423,768,5148,4611,9759
HU12,907,1147,2054,9934,8872,18806
HU13,661,860,1521,5551,4909,10460
HU14,221,232,453,3474,3427,6901
HU15,640,815,1455,9473,9010,18483
HU16,591,703,1294,6041,5598,11639
HU17,1818,1980,3798,16798,15504,32302
HU18,386,480,866,3294,2878,6172
HU19,446,531,977,2465,1692,4157
HU20,24,25,49,371,368,739
HU23,1,0,1,0,0,0
HU30,1,0,1,0,0,0
HU41,1,0,1,0,0,0
HU44,0,0,0,0,1,1
HX00,0,0,0,0,1,1
HX01,2027,2544,4571,6823,4307,11130
HX02,2137,2818,4955,12621,10708,23329
HX03,2319,3021,5340,16137,14056,30193
HX04,423,604,1027,4566,4314,8880
HX05,551,732,1283,3437,2879,6316
HX06,943,1182,2125,6804,5949,12753
HX07,713,828,1541,4636,4602,9238
IG01,11488,9834,21322,22227,13204,35431
IG02,3244,3299,6543,10325,7432,17757
IG03,5327,4948,10275,13395,8630,22025
IG04,953,992,1945,3755,2817,6572
IG05,1340,1558,2898,6479,5352,11831
IG06,2399,2776,5175,10613,8359,18972
IG07,1339,1643,2982,8258,7349,15607
IG08,2395,2806,5201,14011,12381,26392
IG09,557,615,1172,5101,4873,9974
IG10,1572,1901,3473,12004,11384,23388
IG11,9131,8939,18070,18089,10929,29018
IP01,2681,2844,5525,13411,10419,23830
IP02,2030,2425,4455,10392,8031,18423
IP03,1807,2279,4086,11894,9520,21414
IP04,2004,2187,4191,13359,11266,24625
IP05,539,618,1157,7554,7212,14766
IP06,422,499,921,7119,6720,13839
IP07,465,628,1093,6500,5989,12489
IP08,290,365,655,4555,4156,8711
IP09,300,336,636,4656,4453,9109
IP10,73,85,158,1481,1440,2921
IP11,1146,1495,2641,11976,10272,22248
IP12,883,916,1799,9775,9370,19145
IP13,559,616,1175,7753,7616,15369
IP14,1234,1524,2758,16081,14594,30675
IP15,80,93,173,887,934,1821
IP16,323,355,678,2504,2227,4731
IP17,401,511,912,4805,4693,9498
IP18,119,145,264,1432,1454,2886
IP19,287,334,621,4083,3806,7889
IP20,249,271,520,3284,3072,6356
IP21,249,313,562,4703,4434,9137
IP22,811,841,1652,8855,8195,17050
IP23,201,269,470,3045,2817,5862
IP24,1789,2239,4028,9482,7585,17067
IP25,663,795,1458,7375,6613,13988
IP26,297,365,662,3433,3252,6685
IP27,913,1095,2008,6206,5526,11732
IP28,1053,1302,2355,9249,8932,18181
IP29,217,267,484,3793,3659,7452
IP30,369,464,833,5811,5532,11343
IP31,523,709,1232,8418,7976,16394
IP32,776,966,1742,5764,5299,11063
IP33,1111,1326,2437,8356,7440,15796
IV01,186,163,349,1031,955,1986
IV02,2343,2830,5173,18134,16584,34718
IV03,1471,1674,3145,6124,4957,11081
IV03O,0,0,0,0,1,1
IV04,166,197,363,1853,1682,3535
IV05,49,55,104,541,529,1070
IV06,163,213,376,1825,1731,3556
IV07,182,240,422,2396,2273,4669
IV08,34,29,63,367,386,753
IV09,56,54,110,471,468,939
IV10,103,125,228,1100,1057,2157
IV11,48,54,102,325,315,640
IV12,606,783,1389,4721,4337,9058
IV13,11,19,30,280,232,512
IV14,60,95,155,856,778,1634
IV15,336,368,704,1973,1750,3723
IV16,61,75,136,709,659,1368
IV17,379,460,839,2144,1868,4012
IV18,309,373,682,2072,1739,3811
IV19,229,271,500,1716,1539,3255
IV20,133,180,313,1163,1055,2218
IV21,50,51,101,458,398,856
IV22,54,71,125,620,533,1153
IV23,36,41,77,363,320,683
IV24,41,66,107,575,520,1095
IV25,84,110,194,979,950,1929
IV26,107,123,230,720,695,1415
IV27,157,161,318,1458,1255,2713
IV28,16,14,30,194,192,386
IV30,1594,1934,3528,12463,11232,23695
IV31,331,421,752,2593,2300,4893
IV32,192,190,382,1856,1775,3631
IV33,1,0,1,1,1,2
IV34,0,0,0,0,1,1
IV36,702,940,1642,6013,5411,11424
IV40,119,168,287,979,873,1852
IV41,31,21,52,138,126,264
IV42,17,22,39,198,181,379
IV43,14,14,28,123,98,221
IV44,10,12,22,111,98,209
IV45,13,4,17,122,109,231
IV46,5,5,10,39,34,73
IV47,17,22,39,261,215,476
IV48,0,3,3,37,32,69
IV49,65,63,128,452,384,836
IV51,214,279,493,2031,1814,3845
IV52,18,24,42,119,129,248
IV53,6,3,9,65,59,124
IV54,44,75,119,569,479,1048
IV55,40,49,89,534,494,1028
IV56,10,5,15,151,124,275
IV62,0,0,0,1,0,1
IV63,122,126,248,1042,965,2007
KA01,1430,1833,3263,9806,8569,18375
KA02,287,389,676,2526,2318,4844
KA03,1838,2532,4370,13500,12243,25743
KA04,258,327,585,1928,1789,3717
KA05,375,591,966,3561,3019,6580
KA06,950,1238,2188,6565,5654,12219
KA07,1209,1416,2625,10429,9976,20405
KA08,1252,1688,2940,5541,4334,9875
KA09,645,753,1398,5960,5587,11547
KA10,636,785,1421,6094,5800,11894
KA11,1129,1544,2673,7173,6345,13518
KA12,1126,1556,2682,5573,4517,10090
KA13,996,1301,2297,5571,4841,10412
KA14,31,24,55,184,162,346
KA15,312,390,702,2601,2310,4911
KA16,188,181,369,1130,882,2012
KA17,164,210,374,1524,1315,2839
KA18,1032,1420,2452,7048,5755,12803
KA19,344,468,812,2667,2372,5039
KA20,690,847,1537,2661,2195,4856
KA21,846,953,1799,3822,3282,7104
KA22,666,960,1626,3442,2971,6413
KA23,205,248,453,2030,1976,4006
KA24,299,439,738,2049,1833,3882
KA25,413,557,970,2246,1856,4102
KA26,517,666,1183,3705,3148,6853
KA27,235,307,542,1837,1749,3586
KA28,46,73,119,429,363,792
KA29,60,78,138,619,590,1209
KA30,452,618,1070,4174,3757,7931
KT01,1942,2081,4023,7677,6190,13867
KT02,2321,2750,5071,12088,10938,23026
KT03,3310,3658,6968,15896,13673,29569
KT04,1572,1772,3344,11758,10797,22555
KT05,1357,1442,2799,7763,6721,14484
KT06,2071,2415,4486,11944,10540,22484
KT07,453,489,942,4128,4167,8295
KT08,1035,1159,2194,8052,7708,15760
KT09,1351,1501,2852,7980,7125,15105
KT10,956,940,1896,9364,9384,18748
KT11,914,951,1865,7178,7308,14486
KT12,1803,1995,3798,15354,14880,30234
KT13,998,1145,2143,10366,10066,20432
KT14,604,639,1243,5458,5287,10745
KT15,1275,1414,2689,11600,10842,22442
KT16,851,1035,1886,7907,7383,15290
KT17,1173,1163,2336,9867,9123,18990
KT18,726,869,1595,6612,6596,13208
KT19,2083,2401,4484,13616,12655,26271
KT20,687,869,1556,8742,8550,17292
KT21,436,526,962,5529,5547,11076
KT22,1117,1158,2275,10211,9733,19944
KT23,346,330,676,4544,4543,9087
KT24,244,262,506,3954,4051,8005
KW01,439,518,957,3872,3356,7228
KW02,5,2,7,33,26,59
KW03,34,42,76,411,365,776
KW05,8,15,23,129,114,243
KW06,15,8,23,164,119,283
KW07,2,4,6,47,37,84
KW08,27,38,65,320,271,591
KW09,64,98,162,653,572,1225
KW10,75,87,162,614,545,1159
KW11,8,8,16,52,42,94
KW12,41,61,102,646,601,1247
KW13,2,4,6,36,32,68
KW14,631,714,1345,4407,3745,8152
KW15,410,504,914,2941,2706,5647
KW16,148,224,372,1356,1251,2607
KW17,372,422,794,3592,3283,6875
KY01,1375,1760,3135,8474,7017,15491
KY02,1504,2049,3553,10353,9151,19504
KY03,539,651,1190,3959,3611,7570
KY04,1140,1581,2721,7665,6369,14034
KY05,1089,1550,2639,6538,5272,11810
KY06,1074,1351,2425,6257,5487,11744
KY07,1499,1829,3328,9357,8163,17520
KY08,1872,2428,4300,11510,9863,21373
KY09,71,72,143,727,750,1477
KY10,396,491,887,3334,3143,6477
KY11,3274,3990,7264,21755,19566,41321
KY12,1889,2221,4110,14294,12895,27189
KY13,367,410,777,4697,4665,9362
KY14,218,294,512,2651,2441,5092
KY15,768,1009,1777,8156,7652,15808
KY16,1176,1357,2533,6336,5832,12168
L01,667,576,1243,1513,839,2352
L02,94,58,152,265,122,387
L03,1151,1079,2230,3461,2174,5635
L04,4080,4961,9041,9849,6771,16620
L05,1502,1854,3356,3247,1985,5232
L06,2961,2936,5897,5297,3018,8315
L07,2609,2379,4988,3876,2030,5906
L08,4487,4568,9055,7286,4473,11759
L09,2398,3095,5493,9235,7073,16308
L10,901,1288,2189,5086,4222,9308
L11,2529,3474,6003,7332,5521,12853
L12,1656,2181,3837,10818,9685,20503
L13,2801,3327,6128,8252,5945,14197
L14,2170,3066,5236,7767,6283,14050
L15,2559,2700,5259,7225,5482,12707
L16,691,839,1530,5385,4950,10335
L17,1644,1731,3375,7179,6115,13294
L18,1297,1578,2875,8959,8241,17200
L19,1546,1843,3389,7768,6722,14490
L20,3268,3825,7093,8450,5877,14327
L21,1993,2609,4602,6908,5334,12242
L22,975,1076,2051,4506,3769,8275
L23,1604,1927,3531,11125,10260,21385
L24,1350,1870,3220,4696,3458,8154
L25,2029,2416,4445,11770,10178,21948
L26,1062,1321,2383,5211,4602,9813
L27,544,802,1346,1782,1332,3114
L28,647,851,1498,1698,1082,2780
L29,23,23,46,210,201,411
L30,1515,2024,3539,5747,4513,10260
L31,1254,1431,2685,11505,10529,22034
L32,1769,2331,4100,5891,4412,10303
L33,1575,2124,3699,5084,3908,8992
L34,655,759,1414,4650,3887,8537
L35,1699,2394,4093,10598,8803,19401
L36,3153,4287,7440,12499,10254,22753
L37,822,950,1772,9193,8992,18185
L38,86,90,176,1056,1062,2118
L39,1055,1163,2218,10064,9556,19620
L40,578,608,1186,7665,7175,14840
L41,113,129,242,105,51,156
L42,59,44,103,73,33,106
L43,87,128,215,149,122,271
L44,47,30,77,68,24,92
L45,21,24,45,59,37,96
L46,18,26,44,75,35,110
L47,15,13,28,38,29,67
L48,12,14,26,50,38,88
L49,24,33,57,61,49,110
L52,0,1,1,0,0,0
L60,6,17,23,94,88,182
L61,13,12,25,40,50,90
L62,29,30,59,66,48,114
L63,19,19,38,80,47,127
L64,28,24,52,109,99,208
L65,24,24,48,57,29,86
L66,25,29,54,120,98,218
L67,0,1,1,0,0,0
L69,18,5,23,29,6,35
L71,0,1,1,0,0,0
LA00,0,0,0,0,1,1
LA01,3417,3969,7386,15091,12750,27841
LA02,628,739,1367,8543,8235,16778
LA03,1441,1652,3093,9047,7850,16897
LA04,1477,1744,3221,8714,7370,16084
LA05,505,617,1122,6432,6164,12596
LA06,310,382,692,5548,5506,11054
LA07,133,156,289,2057,1983,4040
LA08,188,219,407,3862,3716,7578
LA09,1176,1452,2628,11561,10632,22193
LA10,109,102,211,1405,1344,2749
LA11,245,289,534,4058,3960,8018
LA12,670,818,1488,7926,7255,15181
LA13,1030,1253,2283,6800,5951,12751
LA14,2561,3001,5562,11764,9404,21168
LA15,333,445,778,2778,2439,5217
LA16,100,132,232,1361,1175,2536
LA17,19,34,53,503,471,974
LA18,351,457,808,2910,2394,5304
LA19,18,39,57,424,395,819
LA20,16,37,53,532,497,1029
LA21,31,42,73,406,372,778
LA22,230,238,468,1834,1683,3517
LA23,435,437,872,3323,2965,6288
LD00,0,0,0,1,0,1
LD01,352,441,793,4483,4068,8551
LD02,150,170,320,2194,2051,4245
LD03,758,802,1560,7553,6972,14525
LD04,19,22,41,312,289,601
LD05,30,44,74,446,397,843
LD06,76,116,192,1084,972,2056
LD07,116,171,287,1875,1665,3540
LD08,98,119,217,1818,1729,3547
LE01,1825,1659,3484,2868,1417,4285
LE02,9407,10387,19794,35670,28259,63929
LE03,8157,9389,17546,33121,24972,58093
LE04,9517,11502,21019,32763,24196,56959
LE05,8923,10165,19088,28618,20906,49524
LE06,324,425,749,4843,4449,9292
LE07,1316,1710,3026,19414,18116,37530
LE08,994,1324,2318,15051,14487,29538
LE09,1811,2272,4083,22766,20962,43728
LE10,1770,2120,3890,19884,17795,37679
LE11,3931,4007,7938,19528,15085,34613
LE12,2037,2503,4540,25825,24307,50132
LE13,1081,1394,2475,9968,8740,18708
LE14,402,508,910,7455,7113,14568
LE15,1002,1314,2316,13051,12448,25499
LE16,1237,1399,2636,14158,13497,27655
LE17,567,673,1240,9111,8450,17561
LE18,1397,1866,3263,11843,10314,22157
LE19,452,627,1079,5955,5610,11565
LE62,0,1,1,0,0,0
LE65,529,636,1165,6289,5785,12074
LE67,2253,2873,5126,23660,20922,44582
LL01,2,1,3,8,5,13
LL02,0,0,0,3,0,3
LL10,0,0,0,1,0,1
LL11,1856,2359,4215,13413,11415,24828
LL12,1209,1380,2589,10519,9581,20100
LL13,2275,2642,4917,10996,8961,19957
LL14,1703,2456,4159,11070,9135,20205
LL15,381,438,819,4007,3786,7793
LL16,649,821,1470,5619,5178,10797
LL17,176,222,398,2172,2061,4233
LL18,2588,3208,5796,13951,11954,25905
LL19,959,1243,2202,7204,6415,13619
LL20,358,357,715,3167,2773,5940
LL21,197,255,452,2611,2338,4949
LL22,666,876,1542,6995,6274,13269
LL23,128,133,261,1580,1352,2932
LL24,52,77,129,870,717,1587
LL25,21,14,35,190,181,371
LL26,182,240,422,1622,1410,3032
LL27,33,50,83,319,280,599
LL28,491,620,1111,5084,4873,9957
LL29,1208,1425,2633,6790,6018,12808
LL30,1110,1349,2459,7318,6540,13858
LL31,387,488,875,3629,3449,7078
LL32,286,371,657,2461,2305,4766
LL33,194,227,421,1369,1263,2632
LL34,191,287,478,1545,1410,2955
LL35,20,27,47,295,248,543
LL36,147,204,351,1664,1460,3124
LL37,14,20,34,245,190,435
LL38,15,40,55,282,217,499
LL39,8,15,23,87,73,160
LL40,161,185,346,1579,1397,2976
LL41,306,423,729,2123,1714,3837
LL42,137,171,308,776,639,1415
LL43,11,16,27,212,188,400
LL44,24,37,61,377,370,747
LL45,29,16,45,241,228,469
LL46,51,57,108,664,614,1278
LL47,14,31,45,234,198,432
LL48,100,123,223,889,808,1697
LL49,221,217,438,1500,1271,2771
LL51,27,27,54,341,290,631
LL52,78,95,173,1004,957,1961
LL53,487,568,1055,6106,5609,11715
LL54,441,499,940,4133,3737,7870
LL55,1011,1212,2223,7299,6560,13859
LL56,101,90,191,833,785,1618
LL57,1795,1820,3615,7577,6407,13984
LL58,141,189,330,1404,1260,2664
LL59,256,251,507,2065,1975,4040
LL60,100,109,209,1192,1120,2312
LL61,212,223,435,2328,2210,4538
LL62,63,46,109,718,662,1380
LL63,48,58,106,516,448,964
LL64,34,29,63,308,275,583
LL65,1261,1492,2753,8232,7151,15383
LL66,7,9,16,111,102,213
LL67,51,78,129,497,453,950
LL68,257,319,576,2272,2002,4274
LL69,24,34,58,288,230,518
LL70,9,12,21,113,114,227
LL71,69,70,139,702,646,1348
LL72,34,46,80,266,239,505
LL73,1,2,3,91,90,181
LL74,73,66,139,973,940,1913
LL75,54,51,105,542,526,1068
LL76,11,11,22,124,115,239
LL77,270,376,646,2520,2369,4889
LL78,13,16,29,202,208,410
LN01,1256,1435,2691,9783,8513,18296
LN02,2195,2631,4826,13363,11571,24934
LN03,286,342,628,3907,3593,7500
LN04,1255,1606,2861,15360,14026,29386
LN05,1938,2123,4061,11396,9413,20809
LN06,2554,3166,5720,21648,19539,41187
LN07,191,244,435,2612,2401,5013
LN08,542,689,1231,7085,6459,13544
LN09,329,364,693,3885,3535,7420
LN10,140,166,306,2493,2342,4835
LN11,1058,1298,2356,10981,10262,21243
LN12,570,700,1270,4949,3977,8926
LN13,323,358,681,3224,2946,6170
LS00,0,1,1,0,0,0
LS01,299,310,609,868,511,1379
LS02,973,811,1784,1402,679,2081
LS03,346,334,680,553,307,860
LS04,833,830,1663,2257,1603,3860
LS05,610,763,1373,2389,1866,4255
LS06,3366,3251,6617,8724,6497,15221
LS07,3097,3623,6720,8587,6813,15400
LS08,4627,5065,9692,15091,11810,26901
LS09,4552,5272,9824,9358,5217,14575
LS10,2974,4021,6995,10478,7508,17986
LS11,3978,4433,8411,9267,5449,14716
LS12,3274,3954,7228,12301,9004,21305
LS13,2574,3459,6033,10928,8740,19668
LS14,2691,3654,6345,10607,8434,19041
LS15,1798,2243,4041,12691,10978,23669
LS16,1731,2093,3824,13125,12295,25420
LS17,1741,2383,4124,17046,15906,32952
LS18,1239,1068,2307,8234,7146,15380
LS19,801,1015,1816,7430,6904,14334
LS20,498,551,1049,4824,4631,9455
LS21,698,863,1561,6973,6585,13558
LS22,471,570,1041,6511,6385,12896
LS23,276,303,579,3469,3460,6929
LS24,359,464,823,4768,4469,9237
LS25,1523,2091,3614,15714,14229,29943
LS26,1315,1818,3133,11069,9883,20952
LS27,1845,2515,4360,12979,10875,23854
LS28,1745,2385,4130,14329,12994,27323
LS29,1071,1163,2234,12706,12564,25270
LS42,0,0,0,0,1,1
LS70,0,0,0,1,0,1
LU01,6262,5588,11850,15126,9396,24522
LU02,4182,4928,9110,21976,17500,39476
LU03,5093,6373,11466,22006,16288,38294
LU04,5185,6420,11605,18029,12209,30238
LU05,2131,2737,4868,15142,12509,27651
LU06,1289,1650,2939,13667,12020,25687
LU07,2047,2478,4525,23306,21218,44524
M00,18,7,25,25,13,38
M01,1044,750,1794,2556,1265,3821
M02,15,12,27,53,30,83
M03,1181,995,2176,3836,2231,6067
M04,1078,909,1987,3696,2337,6033
M04O,0,0,0,1,0,1
M05,1891,1947,3838,4902,3168,8070
M06,3405,3354,6759,9779,6884,16663
M07,3470,3007,6477,8433,5628,14061
M08,4850,4439,9289,10211,5795,16006
M09,4172,5111,9283,11390,8323,19713
M10,83,68,151,67,21,88
M11,2628,3227,5855,5805,3889,9694
M12,3115,2671,5786,4905,2646,7551
M13,3893,3152,7045,5990,3126,9116
M14,6238,5386,11624,10755,6546,17301
M15,2664,2105,4769,5503,3042,8545
M16,3819,4127,7946,11354,8396,19750
M17,3,5,8,14,4,18
M18,2739,3146,5885,6233,4148,10381
M19,3938,4002,7940,11388,8388,19776
M20,3366,3688,7054,15832,13787,29619
M21,2178,2435,4613,10013,8861,18874
M22,3794,4641,8435,12342,9657,21999
M23,2516,3122,5638,9496,7883,17379
M24,3335,4038,7373,15820,12956,28776
M25,1922,2163,4085,11051,9635,20686
M26,2066,2583,4649,12205,10480,22685
M27,2379,2898,5277,13909,11911,25820
M28,1862,2167,4029,15374,14092,29466
M29,1006,1193,2199,8786,7982,16768
M30,2802,3237,6039,12140,9418,21558
M31,717,879,1596,2532,2158,4690
M32,2104,2497,4601,9544,8251,17795
M33,2925,3323,6248,22614,20792,43406
M34,2588,3164,5752,16526,14116,30642
M35,1293,1542,2835,6970,5837,12807
M38,1160,1557,2717,3738,2801,6539
M39,0,1,1,1,0,1
M40,4399,5233,9632,12116,8629,20745
M41,1867,2178,4045,15343,14279,29622
M43,1425,2012,3437,7880,6349,14229
M44,1089,1417,2506,6831,5773,12604
M45,1291,1629,2920,7977,7154,15131
M46,1138,1400,2538,7658,6340,13998
M47,1,0,1,0,0,0
M50,316,309,625,1472,892,2364
M51,0,0,0,1,0,1
M52,0,0,0,1,0,1
M54,0,0,0,1,0,1
M60,38,17,55,62,15,77
M61,0,0,0,1,1,2
M70,1,0,1,4,1,5
M73,0,0,0,1,0,1
M74,0,0,0,2,0,2
M87,0,1,1,0,0,0
M90,1,0,1,1,0,1
ME01,1791,2249,4040,11239,9703,20942
ME02,2210,2860,5070,15189,13063,28252
ME03,1078,1314,2392,11587,10579,22166
ME04,2861,3106,5967,10100,7332,17432
ME05,2462,3300,5762,19522,17034,36556
ME06,487,647,1134,4057,3706,7763
ME07,3862,4786,8648,17101,13660,30761
ME08,2150,2639,4789,18923,17007,35930
ME09,791,911,1702,9150,8449,17599
ME10,2672,3206,5878,17651,15226,32877
ME11,292,353,645,1216,976,2192
ME12,2152,2805,4957,14088,11655,25743
ME13,1336,1612,2948,10255,9449,19704
ME14,1496,1677,3173,12473,10736,23209
ME15,2605,3157,5762,18680,15898,34578
ME16,1532,1900,3432,12180,10508,22688
ME17,760,881,1641,10535,9700,20235
ME18,221,248,469,2961,2797,5758
ME19,724,894,1618,9431,9262,18693
ME20,804,945,1749,8190,7697,15887
ME21,0,0,0,1,0,1
ME22,0,0,0,1,0,1
ME24,0,1,1,3,5,8
ME30,0,0,0,1,0,1
ME37,0,0,0,0,1,1
ME38,0,0,0,1,0,1
ME39,0,0,0,1,0,1
ME50,0,0,0,1,0,1
MK01,69,63,132,306,168,474
MK02,1385,1817,3202,5134,3808,8942
MK03,1409,1821,3230,9309,8262,17571
MK04,1130,1455,2585,8230,7737,15967
MK05,913,1034,1947,5695,5255,10950
MK06,3539,4152,7691,9191,6318,15509
MK07,768,946,1714,5715,5159,10874
MK08,713,949,1662,5066,4461,9527
MK09,499,451,950,1356,663,2019
MK10,966,1256,2222,7060,6472,13532
MK11,542,698,1240,3424,3085,6509
MK12,1150,1387,2537,4870,3715,8585
MK13,1566,1795,3361,6821,5442,12263
MK14,1776,2148,3924,7756,5990,13746
MK15,405,446,851,2833,2665,5498
MK16,743,877,1620,7380,6896,14276
MK17,514,569,1083,7886,7706,15592
MK18,1503,1563,3066,12991,12541,25532
MK19,369,430,799,4923,4670,9593
MK20,0,1,1,0,0,0
MK34,1,0,1,1,0,1
MK40,2927,2903,5830,12109,9098,21207
MK41,2288,2663,4951,15642,14207,29849
MK42,3437,4645,8082,17679,14221,31900
MK43,1379,1415,2794,15448,14906,30354
MK44,476,479,955,6875,6723,13598
MK45,1470,1653,3123,19100,18065,37165
MK46,253,323,576,3699,3554,7253
ML01,3240,4212,7452,18836,15621,34457
ML02,2276,2851,5127,12603,10405,23008
ML03,2972,3800,6772,17784,14954,32738
ML04,1498,1987,3485,6864,5569,12433
ML05,2949,3770,6719,14541,11840,26381
ML06,2998,3899,6897,18451,15611,34062
ML07,749,1023,1772,5116,4251,9367
ML08,683,987,1670,7253,6628,13881
ML09,1214,1658,2872,8193,7056,15249
ML10,401,474,875,4396,4218,8614
ML11,1330,1883,3213,12726,11279,24005
ML12,220,392,612,3632,3327,6959
N00,1,0,1,1,0,1
N01,11037,12121,23158,26150,18888,45038
N01C,79,121,200,262,183,445
N01H,0,1,1,0,1,1
N01N,0,1,1,0,0,0
N01P,1,0,1,0,0,0
N01W,0,0,0,0,1,1
N02,2292,2476,4768,9225,8229,17454
N02O,0,0,0,0,1,1
N03,2495,2755,5250,11718,10061,21779
N04,7611,7283,14894,15921,11074,26995
N05,2547,2866,5413,7800,6288,14088
N06,1513,1805,3318,7209,6444,13653
N07,6225,6628,12853,13475,9325,22800
N08,4910,4883,9793,13475,10738,24213
N09,7100,8290,15390,15808,11194,27002
N10,2587,2967,5554,9481,8382,17863
N11,3136,3418,6554,10921,8333,19254
N12,2813,3135,5948,12593,10541,23134
N13,3421,3454,6875,12427,9492,21919
N14,2128,2519,4647,12306,10304,22610
N15,8474,7552,16026,13776,8018,21794
N16,9475,8766,18241,18100,12093,30193
N17,12512,12319,24831,19189,11786,30975
N18,4994,5552,10546,9926,6656,16582
N19,4418,5033,9451,10133,7820,17953
N20,1383,1547,2930,8120,7462,15582
N21,1325,1491,2816,9182,8419,17601
N22,6706,6422,13128,14823,9776,24599
NE01,894,661,1555,1865,818,2683
NE02,1600,1420,3020,5627,4121,9748
NE02O,0,0,0,1,0,1
NE03,2969,3719,6688,17964,15572,33536
NE04,5230,4499,9729,9458,5021,14479
NE05,3133,4289,7422,14597,11208,25805
NE06,4502,5160,9662,12057,8366,20423
NE07,817,1034,1851,5307,4481,9788
NE08,3234,3198,6432,8353,4910,13263
NE09,2225,2916,5141,11280,8906,20186
NE10,2347,3137,5484,10106,7348,17454
NE11,937,1279,2216,5218,4034,9252
NE12,1963,2648,4611,11661,9908,21569
NE13,608,741,1349,6442,6051,12493
NE15,2213,2878,5091,10278,8085,18363
NE16,1000,1408,2408,8921,7719,16640
NE17,258,337,595,1505,1230,2735
NE18,25,27,52,390,377,767
NE19,40,71,111,880,848,1728
NE20,317,342,659,5114,5049,10163
NE21,939,1316,2255,5735,4570,10305
NE22,842,1047,1889,6133,5338,11471
NE23,1816,2611,4427,13630,11686,25316
NE24,2100,2930,5030,12697,10509,23206
NE25,1208,1539,2747,11026,10241,21267
NE26,868,951,1819,6951,6515,13466
NE27,676,957,1633,4973,4399,9372
NE28,3143,4225,7368,13584,10555,24139
NE29,2540,3152,5692,10414,8368,18782
NE30,897,1073,1970,7929,7341,15270
NE31,1319,1684,3003,6671,5388,12059
NE32,1658,2172,3830,7470,5851,13321
NE33,2259,2187,4446,8060,5715,13775
NE34,3218,4163,7381,15790,12834,28624
NE35,367,481,848,2106,1720,3826
NE36,247,295,542,2495,2366,4861
NE37,1386,1942,3328,5956,4664,10620
NE38,1828,2468,4296,10979,9201,20180
NE39,356,505,861,3080,2674,5754
NE40,674,972,1646,5394,4722,10116
NE41,73,67,140,889,836,1725
NE42,570,839,1409,4356,3926,8282
NE43,110,133,243,1800,1785,3585
NE44,24,29,53,434,451,885
NE45,104,142,246,1443,1410,2853
NE46,590,734,1324,5662,5384,11046
NE47,247,298,545,3136,2980,6116
NE48,121,161,282,1758,1549,3307
NE49,144,249,393,1591,1281,2872
NE55,0,0,0,1,0,1
NE61,1120,1565,2685,12761,11803,24564
NE62,407,567,974,3243,2704,5947
NE63,1678,2235,3913,8817,6986,15803
NE64,345,499,844,1891,1471,3362
NE65,648,872,1520,7939,7294,15233
NE66,549,779,1328,6672,6141,12813
NE67,22,20,42,383,375,758
NE68,55,59,114,706,650,1356
NE69,8,10,18,138,142,280
NE70,54,77,131,698,677,1375
NE71,88,117,205,1167,1072,2239
NE99,4,0,4,5,0,5
NG01,1098,979,2077,2194,1181,3375
NG01O,0,0,0,0,1,1
NG02,3950,4372,8322,18586,15477,34063
NG03,3873,4964,8837,14970,11505,26475
NG04,2093,2764,4857,14040,12066,26106
NG05,5736,7690,13426,27952,23607,51559
NG06,2991,4108,7099,10661,8279,18940
NG07,5897,5454,11351,10704,5721,16425
NG08,4899,6687,11586,19166,15045,34211
NG09,3999,4636,8635,25198,21632,46830
NG10,2409,2976,5385,16729,14450,31179
NG11,2316,2992,5308,12331,10169,22500
NG12,1191,1487,2678,13315,12616,25931
NG13,646,779,1425,8510,8182,16692
NG14,583,700,1283,7545,7132,14677
NG15,1839,2535,4374,15708,13705,29413
NG16,2594,3471,6065,23673,20539,44212
NG17,3662,4604,8266,25076,21120,46196
NG18,2536,2789,5325,14509,12199,26708
NG19,2531,3224,5755,18700,15714,34414
NG20,1522,2075,3597,8953,7058,16011
NG21,926,1232,2158,8591,7632,16223
NG22,1093,1403,2496,10575,9486,20061
NG23,417,458,875,7628,7415,15043
NG24,2374,3042,5416,16556,13959,30515
NG25,283,337,620,3378,3365,6743
NG31,2422,3088,5510,16274,13609,29883
NG32,368,405,773,5614,5289,10903
NG33,281,340,621,4115,3858,7973
NG34,1546,1774,3320,16113,14878,30991
NG36,0,0,0,1,0,1
NG54,0,1,1,0,0,0
NN01,3819,3404,7223,10543,6603,17146
NN02,2903,3084,5987,13946,11020,24966
NN03,5130,6286,11416,27398,22749,50147
NN04,2412,2917,5329,18551,16513,35064
NN05,2464,2988,5452,15186,12379,27565
NN06,983,1074,2057,14995,14442,29437
NN07,789,948,1737,12221,11625,23846
NN08,3589,4150,7739,18240,14640,32880
NN09,1004,1247,2251,10978,9877,20855
NN10,1608,2022,3630,15156,13527,28683
NN11,1819,2334,4153,15443,13252,28695
NN12,750,885,1635,10445,9742,20187
NN13,633,787,1420,8462,7919,16381
NN14,1344,1638,2982,18023,16832,34855
NN15,1493,1891,3384,14738,13372,28110
NN16,2211,2591,4802,10420,7826,18246
NN17,2029,2406,4435,10789,8677,19466
NN18,2767,3436,6203,12675,9956,22631
NN28,1,0,1,0,0,0
NN29,353,414,767,4607,4330,8937
NO03,0,1,1,0,0,0
NP00,0,0,0,0,1,1
NP01,85,92,177,210,141,351
NP01O,0,0,0,0,1,1
NP02,32,28,60,120,68,188
NP02O,0,0,0,1,0,1
NP03,35,39,74,111,62,173
NP04,1828,2537,4365,16036,14033,30069
NP05,11,13,24,46,36,82
NP06,32,34,66,150,80,230
NP07,883,1094,1977,10296,9743,20039
NP08,135,189,324,2177,2107,4284
NP09,75,42,117,166,71,237
NP10,923,1159,2082,9372,8842,18214
NP11,1759,2304,4063,12762,10731,23493
NP12,1463,1942,3405,11589,10121,21710
NP13,935,1377,2312,6526,5044,11570
NP15,130,156,286,3257,3133,6390
NP16,871,1020,1891,9147,8487,17634
NP18,562,674,1236,6597,6209,12806
NP19,3986,4678,8664,17456,13782,31238
NP20,3595,4287,7882,16715,13250,29965
NP21,0,0,0,1,0,1
NP22,1152,1561,2713,7136,5777,12913
NP23,1569,2172,3741,11019,8947,19966
NP24,312,385,697,1479,1081,2560
NP25,512,570,1082,6194,5806,12000
NP26,775,991,1766,8999,8214,17213
NP42,0,0,0,1,0,1
NP44,2468,3128,5596,16772,14428,31200
NR00,0,0,0,0,1,1
NR01,1954,2076,4030,8755,6757,15512
NR02,1739,1978,3717,7940,6921,14861
NR03,2627,2925,5552,10565,8042,18607
NR04,1193,1436,2629,7315,6721,14036
NR05,1997,2382,4379,9010,7497,16507
NR06,892,1096,1988,9277,8332,17609
NR07,1224,1471,2695,12605,11409,24014
NR08,638,767,1405,8490,8182,16672
NR09,470,556,1026,7358,7124,14482
NR10,613,767,1380,9199,8792,17991
NR11,535,654,1189,7416,7057,14473
NR12,607,677,1284,8587,8018,16605
NR13,709,827,1536,11079,10687,21766
NR14,730,741,1471,10373,10061,20434
NR15,433,532,965,6345,6208,12553
NR16,307,381,688,5190,4996,10186
NR17,554,632,1186,6583,6055,12638
NR18,640,791,1431,7390,7094,14484
NR19,801,974,1775,7399,6605,14004
NR20,544,633,1177,7804,7356,15160
NR21,528,629,1157,6281,5768,12049
NR22,35,46,81,331,309,640
NR23,122,136,258,1122,1023,2145
NR24,118,136,254,1741,1657,3398
NR25,305,322,627,3320,3140,6460
NR26,296,371,667,2949,2794,5743
NR27,518,550,1068,4184,3828,8012
NR28,642,727,1369,6451,6011,12462
NR29,615,784,1399,8390,7701,16091
NR30,2406,2557,4963,9285,6812,16097
NR31,2604,3120,5724,17383,14638,32021
NR32,2160,2352,4512,13706,11813,25519
NR33,1775,2039,3814,14168,12587,26755
NR34,702,864,1566,8749,7996,16745
NR35,369,431,800,4336,3975,8311
NW00,3,1,4,3,1,4
NW01,7467,8129,15596,16554,11100,27654
NW01H,0,1,1,0,0,0
NW02,11773,10434,22207,26137,17001,43138
NW03,4965,5897,10862,19855,16764,36619
NW04,3928,3935,7863,13601,10303,23904
NW05,3532,4015,7547,8426,6728,15154
NW05O,0,1,1,0,0,0
NW06,8920,8998,17918,22415,17156,39571
NW07,2076,2500,4576,10905,9599,20504
NW08,4112,4922,9034,12571,9599,22170
NW09,9967,9905,19872,27817,18520,46337
NW10,18031,16462,34493,31412,20340,51752
NW11,3733,3544,7277,14139,12254,26393
NW12,3,1,4,0,1,1
NW13,0,1,1,2,1,3
NW14,1,0,1,1,0,1
NW15,0,0,0,2,0,2
NW16,4,1,5,3,0,3
NW17,0,0,0,2,1,3
NW18,1,0,1,1,1,2
NW19,0,1,1,1,1,2
NW20,0,1,1,1,0,1
NW21,1,0,1,0,0,0
NW22,1,0,1,2,0,2
NW24,1,0,1,0,0,0
NW25,0,0,0,0,2,2
NW26,1,1,2,0,0,0
NW28,0,0,0,0,1,1
NW44,2,0,2,0,0,0
NW51,1,0,1,0,0,0
NW70,1,0,1,0,0,0
NW77,0,1,1,0,0,0
NW96,0,0,0,1,0,1
NW99,2,0,2,0,0,0
OL00,1,0,1,0,0,0
OL01,2111,2490,4601,6115,4436,10551
OL01O,1,0,1,0,0,0
OL02,2041,2548,4589,14695,12824,27519
OL03,545,525,1070,6108,5899,12007
OL04,2948,3610,6558,14551,11402,25953
OL05,545,683,1228,4024,3517,7541
OL06,2208,2641,4849,9353,7006,16359
OL07,1190,1575,2765,5439,4064,9503
OL08,3641,4513,8154,11760,7844,19604
OL09,3094,3631,6725,12990,9699,22689
OL10,1912,2367,4279,9352,7761,17113
OL11,3203,3983,7186,14873,11803,26676
OL12,2787,3434,6221,15519,13055,28574
OL13,842,1092,1934,5669,4855,10524
OL14,823,1109,1932,5291,4776,10067
OL15,620,739,1359,5526,4971,10497
OL16,2692,3202,5894,12270,9714,21984
OX00,1,1,2,0,0,0
OX01,1759,1424,3183,6155,4866,11021
OX02,3118,3334,6452,13520,12363,25883
OX03,3558,4317,7875,13669,11358,25027
OX04,6194,6351,12545,18062,13692,31754
OX05,1453,1483,2936,9263,8235,17498
OX06,33,26,59,69,60,129
OX07,863,1090,1953,9568,9208,18776
OX08,47,46,93,154,124,278
OX09,570,642,1212,5990,5747,11737
OX10,1138,1334,2472,10429,9812,20241
OX11,1654,2193,3847,15266,13549,28815
OX12,1065,1308,2373,10689,9788,20477
OX13,490,629,1119,5983,5677,11660
OX14,2143,2531,4674,16990,15208,32198
OX15,609,670,1279,8472,8297,16769
OX16,3024,3773,6797,16995,13485,30480
OX17,476,595,1071,7493,7256,14749
OX18,910,1215,2125,9820,9040,18860
OX20,196,239,435,1942,1975,3917
OX23,0,0,0,1,0,1
OX25,354,508,862,4226,4096,8322
OX26,1849,2328,4177,12957,11280,24237
OX27,229,303,532,2902,2872,5774
OX28,1307,1554,2861,9929,9085,19014
OX29,856,975,1831,9902,9516,19418
OX33,285,314,599,3146,2989,6135
OX39,179,227,406,3265,3173,6438
OX44,229,348,577,3369,3224,6593
OX49,133,152,285,1720,1748,3468
PA00,0,0,0,1,0,1
PA01,1576,1658,3234,6999,5594,12593
PA02,2279,2936,5215,13208,11582,24790
PA03,2011,2454,4465,6892,5394,12286
PA04,1384,1779,3163,8514,7415,15929
PA05,1402,1819,3221,7018,5894,12912
PA06,134,204,338,2699,2664,5363
PA07,220,268,488,3197,3085,6282
PA08,754,935,1689,5303,4841,10144
PA09,59,83,142,736,693,1429
PA10,139,200,339,1456,1400,2856
PA11,215,256,471,2272,2192,4464
PA12,141,189,330,1262,1234,2496
PA13,141,153,294,1807,1839,3646
PA14,1238,1541,2779,4801,4029,8830
PA15,1389,1626,3015,4460,3559,8019
PA16,1971,2222,4193,9048,8071,17119
PA17,84,82,166,888,837,1725
PA18,76,102,178,1027,1002,2029
PA19,540,629,1169,4107,3738,7845
PA20,325,427,752,2094,1715,3809
PA21,43,31,74,334,292,626
PA22,16,4,20,135,138,273
PA23,726,888,1614,4330,4007,8337
PA24,20,20,40,218,168,386
PA25,2,4,6,26,24,50
PA26,9,6,15,57,42,99
PA27,18,33,51,299,294,593
PA28,395,445,840,2538,2200,4738
PA29,96,93,189,888,788,1676
PA30,64,69,133,495,495,990
PA31,200,247,447,2043,1831,3874
PA32,44,61,105,483,441,924
PA33,37,37,74,306,263,569
PA34,634,716,1350,3753,3298,7051
PA35,47,72,119,578,546,1124
PA36,2,1,3,20,15,35
PA37,129,148,277,1197,1130,2327
PA38,30,31,61,369,357,726
PA39,3,0,3,2,5,7
PA40,1,2,3,5,2,7
PA41,10,11,21,60,56,116
PA42,48,73,121,416,354,770
PA43,49,61,110,297,274,571
PA44,6,11,17,123,113,236
PA45,11,7,18,61,46,107
PA46,7,11,18,66,67,133
PA47,6,8,14,68,63,131
PA48,21,15,36,114,129,243
PA49,7,11,18,75,67,142
PA60,8,14,22,90,72,162
PA61,5,13,18,57,55,112
PA62,2,2,4,10,8,18
PA63,1,0,1,3,4,7
PA64,3,3,6,44,48,92
PA65,10,10,20,92,89,181
PA66,6,10,16,72,70,142
PA67,18,16,34,97,91,188
PA68,0,0,0,5,3,8
PA69,1,2,3,10,8,18
PA70,4,3,7,27,28,55
PA71,1,0,1,25,15,40
PA72,16,16,32,194,188,382
PA73,3,2,5,22,22,44
PA74,0,3,3,16,12,28
PA75,68,78,146,574,560,1134
PA76,6,5,11,62,69,131
PA77,20,31,51,246,255,501
PA78,9,12,21,73,72,145
PA80,14,13,27,121,97,218
PA81,3,6,9,14,8,22
PA82,5,5,10,12,11,23
PA83,0,0,0,1,1,2
PA84,0,1,1,1,0,1
PA85,3,3,6,2,5,7
PA86,21,33,54,64,65,129
PA87,27,36,63,40,32,72
PA88,4,2,6,7,4,11
PE01,5139,5227,10366,16140,10179,26319
PE02,3066,3849,6915,17459,14330,31789
PE03,2379,3121,5500,10417,7681,18098
PE04,1542,2034,3576,10411,8898,19309
PE05,36,36,72,640,613,1253
PE06,1152,1518,2670,15236,14338,29574
PE07,1771,2309,4080,17713,15963,33676
PE08,586,718,1304,7182,6755,13937
PE09,1244,1547,2791,12423,11924,24347
PE10,791,1025,1816,9364,8782,18146
PE11,1943,2223,4166,17001,14134,31135
PE12,1312,1603,2915,16290,14397,30687
PE13,1974,2155,4129,13109,10913,24022
PE14,688,797,1485,8991,8272,17263
PE15,1165,1470,2635,11273,10049,21322
PE16,372,497,869,4266,3699,7965
PE17,59,43,102,140,90,230
PE18,50,77,127,105,82,187
PE19,1849,2235,4084,17320,15832,33152
PE20,506,609,1115,5816,5286,11102
PE21,2771,2829,5600,14744,11706,26450
PE22,510,589,1099,6949,6294,13243
PE23,290,326,616,3495,3209,6704
PE24,470,565,1035,4862,4064,8926
PE25,1390,1519,2909,7409,5939,13348
PE26,400,522,922,4631,4192,8823
PE27,901,1126,2027,7886,6920,14806
PE28,1494,1789,3283,19496,18650,38146
PE29,1831,2232,4063,10449,8860,19309
PE30,2816,3162,5978,14775,12563,27338
PE31,481,571,1052,7765,7362,15127
PE32,424,478,902,6411,6121,12532
PE33,440,550,990,6066,5652,11718
PE34,454,561,1015,5678,5242,10920
PE35,1,1,2,40,37,77
PE36,238,266,504,2306,2176,4482
PE37,372,511,883,4267,3865,8132
PE38,506,606,1112,5944,5322,11266
PE99,0,0,0,1,0,1
PH01,2411,3156,5567,14738,12565,27303
PH02,1583,1751,3334,12958,11958,24916
PH03,246,300,546,2628,2532,5160
PH04,36,50,86,371,366,737
PH05,18,57,75,330,313,643
PH06,83,92,175,1003,989,1992
PH07,372,461,833,3345,3083,6428
PH08,89,95,184,795,758,1553
PH09,16,39,55,362,340,702
PH10,458,517,975,4238,3896,8134
PH11,139,185,324,1351,1165,2516
PH12,48,71,119,821,743,1564
PH13,178,208,386,1623,1416,3039
PH14,48,71,119,845,834,1679
PH15,165,204,369,1402,1241,2643
PH16,168,196,364,1542,1417,2959
PH17,11,5,16,77,67,144
PH18,25,39,64,313,260,573
PH19,1,4,5,40,34,74
PH20,59,86,145,624,558,1182
PH21,92,105,197,842,779,1621
PH22,205,250,455,1256,1129,2385
PH23,25,30,55,321,330,651
PH24,19,23,42,311,286,597
PH25,27,31,58,370,363,733
PH26,157,165,322,1463,1347,2810
PH30,0,0,0,6,4,10
PH31,19,20,39,232,239,471
PH32,34,42,76,286,238,524
PH33,693,892,1585,4257,3593,7850
PH34,35,42,77,448,405,853
PH35,27,18,45,132,109,241
PH36,36,60,96,527,490,1017
PH37,5,12,17,63,52,115
PH38,10,12,22,79,81,160
PH39,25,21,46,168,171,339
PH40,21,20,41,124,101,225
PH41,71,58,129,354,311,665
PH42,2,7,9,39,32,71
PH43,1,2,3,8,8,16
PH44,3,0,3,4,6,10
PH49,39,57,96,429,376,805
PH50,48,82,130,329,243,572
PL00,0,1,1,0,0,0
PL01,2290,2317,4607,7124,4682,11806
PL02,2329,2766,5095,9946,8201,18147
PL03,1761,2103,3864,10715,9493,20208
PL04,2995,2699,5694,8669,5946,14615
PL05,2797,3775,6572,13625,11351,24976
PL06,1945,2479,4424,15291,13689,28980
PL07,1126,1463,2589,11687,11107,22794
PL08,196,167,363,2497,2502,4999
PL09,1007,1257,2264,11432,10789,22221
PL10,157,186,343,1309,1211,2520
PL11,513,677,1190,3886,3449,7335
PL12,885,1026,1911,8422,7864,16286
PL13,379,473,852,3857,3469,7326
PL14,901,1199,2100,9161,8640,17801
PL15,627,785,1412,8159,7585,15744
PL16,48,60,108,842,794,1636
PL17,338,360,698,4103,3734,7837
PL18,168,240,408,2094,1996,4090
PL19,594,659,1253,6305,6096,12401
PL20,410,494,904,4735,4616,9351
PL21,597,703,1300,7148,7059,14207
PL22,133,153,286,1440,1446,2886
PL23,132,151,283,1237,1207,2444
PL24,436,571,1007,3854,3611,7465
PL25,1239,1369,2608,9462,8604,18066
PL26,1162,1245,2407,10760,9727,20487
PL27,381,492,873,4723,4615,9338
PL28,197,207,404,1571,1523,3094
PL29,35,26,61,366,364,730
PL30,258,281,539,4451,4240,8691
PL31,783,954,1737,5478,4792,10270
PL32,139,208,347,1708,1604,3312
PL33,77,68,145,759,729,1488
PL34,68,78,146,711,672,1383
PL35,32,34,66,405,399,804
PO01,2832,3202,6034,7070,4619,11689
PO02,3395,4152,7547,13390,10138,23528
PO03,1240,1443,2683,7063,6012,13075
PO04,2897,3274,6171,13290,10705,23995
PO05,2662,2580,5242,7881,5494,13375
PO06,2644,3140,5784,14307,12369,26676
PO07,1661,2041,3702,16394,15281,31675
PO08,1250,1509,2759,14072,13160,27232
PO09,3111,4103,7214,16618,14581,31199
PO10,642,761,1403,7406,7083,14489
PO11,656,703,1359,7291,6764,14055
PO12,2632,3115,5747,16292,14161,30453
PO13,1960,2503,4463,12301,11268,23569
PO14,1184,1327,2511,12777,12228,25005
PO15,870,917,1787,8690,8127,16817
PO16,1242,1352,2594,12408,11418,23826
PO17,213,223,436,2816,2610,5426
PO18,470,519,989,5905,5801,11706
PO19,1732,1957,3689,10687,10228,20915
PO20,1228,1351,2579,13683,13094,26777
PO21,2134,2148,4282,14751,13119,27870
PO22,1193,1365,2558,11875,11213,23088
PO30,1512,1788,3300,10332,9593,19925
PO31,675,777,1452,5442,5095,10537
PO32,433,490,923,3138,2912,6050
PO33,1722,1983,3705,10689,9720,20409
PO34,60,73,133,914,911,1825
PO35,148,127,275,1451,1395,2846
PO36,828,961,1789,5966,5479,11445
PO37,466,492,958,3438,3045,6483
PO38,583,652,1235,4862,4497,9359
PO39,97,122,219,1005,932,1937
PO40,255,263,518,2147,2088,4235
PO41,71,61,132,944,930,1874
PR01,5516,5936,11452,20895,15562,36457
PR02,4246,5142,9388,26945,23153,50098
PR03,945,1153,2098,16186,15471,31657
PR04,1861,2323,4184,24959,23327,48286
PR05,1652,2061,3713,15159,13532,28691
PR06,1351,1604,2955,13619,12467,26086
PR07,2087,2605,4692,22974,21072,44046
PR08,2686,3143,5829,19666,17980,37646
PR09,1950,2243,4193,15681,13881,29562
PR25,1366,1729,3095,11426,10452,21878
PR26,479,526,1005,5236,4982,10218
RG01,5718,5434,11152,14847,9062,23909
RG02,3463,4050,7513,14700,11192,25892
RG03,28,23,51,86,47,133
RG04,1748,2165,3913,15530,14440,29970
RG05,1135,1270,2405,10418,9673,20091
RG06,2106,2267,4373,14630,12599,27229
RG07,1138,1344,2482,13853,13299,27152
RG08,750,686,1436,7969,7719,15688
RG09,1037,990,2027,9533,9472,19005
RG10,590,625,1215,7708,7420,15128
RG11,32,24,56,81,50,131
RG12,3140,3884,7024,21565,18702,40267
RG13,29,39,68,70,56,126
RG14,2052,2373,4425,15179,13002,28181
RG15,18,24,42,62,51,113
RG16,18,21,39,91,57,148
RG17,620,670,1290,6002,5680,11682
RG18,734,795,1529,7392,6875,14267
RG19,744,792,1536,6511,6064,12575
RG20,594,713,1307,8185,7969,16154
RG21,2144,2396,4540,10090,7770,17860
RG22,2081,2651,4732,15520,13662,29182
RG23,534,671,1205,5070,4593,9663
RG24,1661,2128,3789,13377,11894,25271
RG25,286,290,576,3646,3441,7087
RG26,781,983,1764,9133,8471,17604
RG27,648,684,1332,9497,9467,18964
RG28,231,284,515,2355,2134,4489
RG29,184,279,463,2684,2601,5285
RG30,4010,4628,8638,16157,12538,28695
RG31,1198,1503,2701,11116,10114,21230
RG33,0,0,0,0,1,1
RG34,0,0,0,0,1,1
RG40,1080,1158,2238,12334,11808,24142
RG41,1063,1222,2285,12104,11719,23823
RG42,1117,1174,2291,11114,10650,21764
RG45,461,486,947,5771,5679,11450
RH01,2617,3092,5709,18029,16347,34376
RH02,1057,1240,2297,10172,9834,20006
RH03,131,117,248,1811,1819,3630
RH04,705,850,1555,6080,5809,11889
RH05,655,665,1320,6954,6642,13596
RH06,1392,1589,2981,13036,12030,25066
RH07,493,382,875,3892,3397,7289
RH08,598,655,1253,6087,6033,12120
RH09,186,211,397,2218,2227,4445
RH10,4019,4256,8275,26962,22818,49780
RH11,4668,5551,10219,20301,15733,36034
RH12,1881,2232,4113,19367,18392,37759
RH13,1354,1605,2959,15535,14790,30325
RH14,511,563,1074,6562,6340,12902
RH15,1456,1626,3082,12333,11559,23892
RH16,1610,1909,3519,13805,13059,26864
RH17,662,768,1430,8030,7947,15977
RH18,280,304,584,1934,1944,3878
RH19,1445,1651,3096,14030,13132,27162
RH20,694,725,1419,10899,10794,21693
RM01,1521,1748,3269,7737,6378,14115
RM02,629,725,1354,5089,4604,9693
RM03,3131,4122,7253,14905,12438,27343
RM04,141,146,287,2000,1875,3875
RM05,1230,1592,2822,7036,6175,13211
RM06,3418,3968,7386,11740,8790,20530
RM07,2335,2884,5219,10340,8361,18701
RM08,5034,5881,10915,13933,9782,23715
RM09,4076,5047,9123,11434,7804,19238
RM10,4587,5524,10111,12003,8351,20354
RM11,1435,1667,3102,12528,11510,24038
RM12,1860,2264,4124,12841,11192,24033
RM13,2121,2504,4625,10846,8991,19837
RM14,1028,1126,2154,10698,10063,20761
RM15,1913,2357,4270,10928,9014,19942
RM16,2096,2619,4715,15810,13923,29733
RM17,2089,2717,4806,10527,7707,18234
RM18,1511,1965,3476,5921,4682,10603
RM19,532,734,1266,2668,1887,4555
RM20,497,646,1143,2540,1646,4186
S01,675,483,1158,1113,522,1635
S02,3995,4655,8650,10476,7023,17499
S03,1992,1688,3680,3635,1640,5275
S04,1452,1457,2909,3393,1843,5236
S05,4778,6323,11101,16298,11876,28174
S06,3226,3914,7140,19034,15988,35022
S06O,0,0,0,0,1,1
S07,1258,1173,2431,6047,5045,11092
S07O,0,0,0,1,0,1
S08,2713,3210,5923,14855,12658,27513
S08O,0,0,0,1,0,1
S09,2310,2706,5016,8409,5290,13699
S10,2235,2222,4457,13296,11726,25022
S11,1774,1828,3602,10804,9917,20721
S12,1589,2246,3835,11921,9508,21429
S13,1560,2111,3671,9851,7893,17744
S14,838,1099,1937,2181,1445,3626
S16,0,0,0,0,1,1
S17,483,573,1056,6142,6014,12156
S18,743,874,1617,9535,9017,18552
S19,4,8,12,44,33,77
S20,1156,1640,2796,10976,9388,20364
S21,747,1079,1826,7510,6481,13991
S22,0,1,1,0,1,1
S24,0,0,0,0,1,1
S25,814,1139,1953,7723,6799,14522
S26,869,1262,2131,9633,8531,18164
S29,0,0,0,1,0,1
S30,32,26,58,132,117,249
S31,22,29,51,82,32,114
S32,150,176,326,2344,2306,4650
S33,144,157,301,1938,1875,3813
S35,1328,1790,3118,15209,13596,28805
S36,975,1238,2213,10901,9813,20714
S37,1,0,1,1,0,1
S40,1777,2150,3927,12069,10272,22341
S41,1840,2354,4194,12345,10452,22797
S42,1044,1378,2422,10901,9675,20576
S43,1883,2635,4518,14176,11746,25922
S44,1003,1345,2348,7809,6525,14334
S45,590,800,1390,4884,4202,9086
S46,0,0,0,2,0,2
S49,0,0,0,1,0,1
S54,0,0,0,1,0,1
S60,1816,2496,4312,14066,11596,25662
S61,2040,2599,4639,11383,9038,20421
S62,1098,1506,2604,6417,5021,11438
S63,2511,3235,5746,13443,10745,24188
S64,1814,2266,4080,10350,8222,18572
S65,2539,3016,5555,10122,7277,17399
S66,2033,2835,4868,16102,13729,29831
S68,0,0,0,0,1,1
S70,2622,3096,5718,12942,9456,22398
S71,2623,3300,5923,15735,12754,28489
S72,1367,1818,3185,8682,6963,15645
S73,1597,2049,3646,9604,7718,17322
S74,867,1284,2151,6023,4905,10928
S75,1547,2045,3592,16820,14914,31734
S80,1805,2106,3911,10208,8144,18352
S81,1399,1837,3236,14078,12569,26647
SA01,4451,4474,8925,13697,9135,22832
SA02,1729,1783,3512,12805,11480,24285
SA03,795,846,1641,10336,10219,20555
SA04,1483,1907,3390,16676,15914,32590
SA05,2168,2961,5129,11253,9316,20569
SA06,1637,2292,3929,11322,9728,21050
SA07,566,761,1327,5596,5066,10662
SA08,466,615,1081,4762,4354,9116
SA09,531,691,1222,5613,5082,10695
SA10,1011,1425,2436,11271,10036,21307
SA11,1715,2308,4023,12058,9967,22025
SA12,1783,2145,3928,10607,9294,19901
SA13,988,1277,2265,6653,5395,12048
SA14,1176,1488,2664,12551,11610,24161
SA15,1814,2129,3943,12666,10740,23406
SA16,315,394,709,3155,2821,5976
SA17,355,411,766,3565,3226,6791
SA18,1217,1378,2595,10935,9917,20852
SA19,285,345,630,3905,3676,7581
SA20,115,137,252,1307,1164,2471
SA31,784,946,1730,5617,5281,10898
SA32,154,190,344,3157,3092,6249
SA33,315,390,705,5101,4803,9904
SA34,132,138,270,2070,1938,4008
SA35,14,27,41,356,321,677
SA36,10,8,18,137,130,267
SA37,31,39,70,584,528,1112
SA38,144,166,310,1808,1683,3491
SA39,69,82,151,1017,931,1948
SA40,141,125,266,1117,1018,2135
SA41,49,54,103,835,787,1622
SA42,59,66,125,826,787,1613
SA43,455,548,1003,4848,4507,9355
SA44,305,356,661,4580,4387,8967
SA45,66,55,121,622,570,1192
SA46,88,101,189,980,879,1859
SA47,44,40,84,423,395,818
SA48,385,348,733,3329,3081,6410
SA61,754,987,1741,4741,4245,8986
SA62,565,648,1213,8446,8002,16448
SA63,27,33,60,524,504,1028
SA64,90,119,209,865,733,1598
SA65,160,205,365,1615,1425,3040
SA66,86,84,170,1270,1238,2508
SA67,200,270,470,2882,2733,5615
SA68,78,136,214,1665,1567,3232
SA69,99,116,215,1449,1342,2791
SA70,367,447,814,3385,3053,6438
SA71,437,538,975,4085,3638,7723
SA72,547,616,1163,3507,3129,6636
SA73,863,1117,1980,7292,6409,13701
SA99,1,0,1,0,0,0
SE00,0,1,1,0,1,1
SE01,9110,9146,18256,19680,12223,31903
SE01V,0,0,0,2,0,2
SE02,3488,4087,7575,8031,5965,13996
SE03,2889,3428,6317,11732,10042,21774
SE04,3617,3939,7556,8578,7070,15648
SE05,7681,8458,16139,13223,9196,22419
SE06,6828,7509,14337,16050,12956,29006
SE06N,1,0,1,0,0,0
SE07,2708,3187,5895,6450,4671,11121
SE08,4624,4993,9617,8430,5756,14186
SE09,5126,6029,11155,21288,18160,39448
SE10,2796,3345,6141,10036,7915,17951
SE11,3382,3510,6892,6738,4269,11007
SE12,2539,2970,5509,8838,7503,16341
SE13,5611,5858,11469,12888,10078,22966
SE14,4042,4143,8185,7003,4892,11895
SE15,11528,11638,23166,17172,12476,29648
SE16,5884,6696,12580,14895,10354,25249
SE17,6254,6432,12686,8682,5065,13747
SE18,12277,12734,25011,22040,15005,37045
SE19,2866,3458,6324,9293,7788,17081
SE20,2700,3019,5719,7169,5936,13105
SE21,1521,1629,3150,5081,4767,9848
SE22,3264,3540,6804,9581,8324,17905
SE23,3547,4062,7609,10515,9089,19604
SE24,1990,2095,4085,5823,5119,10942
SE25,4177,4826,9003,10903,9036,19939
SE26,3285,3939,7224,8985,7572,16557
SE27,2751,2901,5652,6590,5414,12004
SE28,3777,4735,8512,7932,5712,13644
SE29,1,3,4,2,0,2
SE31,0,1,1,0,0,0
SE33,0,1,1,0,0,0
SE35,0,1,1,0,0,0
SE37,0,1,1,0,0,0
SE50,0,0,0,1,0,1
SE57,0,1,1,0,0,0
SE59,0,0,0,1,0,1
SE60,0,0,0,1,0,1
SE72,1,0,1,0,0,0
SE73,0,0,0,1,0,1
SE74,0,1,1,1,0,1
SE75,1,0,1,0,0,0
SE76,0,0,0,1,0,1
SE77,1,1,2,0,0,0
SE88,0,0,0,1,0,1
SE91,0,1,1,0,0,0
SE99,0,0,0,0,1,1
SG00,0,0,0,0,1,1
SG01,3343,3885,7228,18977,16037,35014
SG02,2185,2752,4937,15529,13655,29184
SG03,237,283,520,2878,2746,5624
SG04,1198,1403,2601,11452,10841,22293
SG05,1367,1600,2967,12848,12143,24991
SG06,1802,2158,3960,12126,10987,23113
SG07,524,569,1093,5246,5042,10288
SG08,1365,1574,2939,15718,14539,30257
SG09,272,313,585,4871,4757,9628
SG10,43,61,104,831,827,1658
SG11,257,230,487,3554,3385,6939
SG12,1237,1346,2583,11683,10865,22548
SG13,728,769,1497,6679,6416,13095
SG14,848,972,1820,7737,7254,14991
SG15,236,258,494,2186,2045,4231
SG16,176,213,389,2514,2442,4956
SG17,482,517,999,5440,5139,10579
SG18,995,1258,2253,11129,10220,21349
SG19,811,1074,1885,10000,9258,19258
SK00,0,0,0,0,1,1
SK01,759,935,1694,3831,2994,6825
SK02,1507,1789,3296,10566,9584,20150
SK03,1817,2230,4047,9050,7841,16891
SK04,1964,2052,4016,13440,12155,25595
SK05,2138,2747,4885,9295,7609,16904
SK06,1990,2332,4322,19473,18113,37586
SK07,1465,1582,3047,16491,16030,32521
SK08,2444,2772,5216,23519,22276,45795
SK09,1432,1623,3055,15693,15093,30786
SK10,1523,1620,3143,15774,15295,31069
SK11,1743,1989,3732,13832,12470,26302
SK12,590,595,1185,7900,7802,15702
SK13,1508,1915,3423,12091,11039,23130
SK14,2781,3396,6177,16451,14009,30460
SK15,1617,1821,3438,9737,8466,18203
SK16,1140,1364,2504,6588,5479,12067
SK17,1240,1412,2652,11748,10398,22146
SK22,504,601,1105,4747,4211,8958
SK23,595,640,1235,7227,6635,13862
SL00,438,493,931,4912,4496,9408
SL01,7348,7410,14758,26677,19637,46314
SL02,4727,5525,10252,20512,16125,36637
SL03,2922,3780,6702,18537,15507,34044
SL04,2086,2471,4557,17519,16216,33735
SL05,1125,1244,2369,10267,10502,20769
SL06,3876,4381,8257,32806,30228,63034
SL07,735,809,1544,8572,8593,17165
SL08,202,205,407,2703,2707,5410
SL09,867,907,1774,9334,9419,18753
SM01,2856,3391,6247,14503,12088,26591
SM02,1524,1909,3433,11022,9990,21012
SM03,1239,1402,2641,8079,7257,15336
SM04,3359,3596,6955,13910,10601,24511
SM05,2695,3254,5949,13793,12569,26362
SM06,2522,3021,5543,13412,12011,25423
SM07,614,649,1263,7364,7405,14769
SN00,0,0,0,1,0,1
SN01,3536,3182,6718,11203,7295,18498
SN02,3020,3702,6722,14690,11249,25939
SN03,3034,3888,6922,19334,16183,35517
SN04,1040,1269,2309,11505,10702,22207
SN05,1592,2193,3785,13731,12002,25733
SN06,821,944,1765,9011,8446,17457
SN07,471,646,1117,5799,5403,11202
SN08,941,1051,1992,9585,9142,18727
SN09,268,304,572,3256,3227,6483
SN10,1210,1454,2664,12030,11344,23374
SN11,892,1138,2030,8978,8380,17358
SN12,1022,1133,2155,10440,9608,20048
SN13,633,782,1415,6410,6263,12673
SN14,1134,1286,2420,10735,9947,20682
SN15,1565,1785,3350,14553,12456,27009
SN16,401,431,832,5939,5685,11624
SN20,0,0,0,1,0,1
SN24,0,1,1,0,1,1
SN25,1396,1784,3180,15364,13755,29119
SN26,44,48,92,877,785,1662
SN27,0,0,0,1,0,1
SN31,0,0,0,0,1,1
SN34,0,0,0,0,1,1
SN48,0,0,0,1,0,1
SN66,0,1,1,0,0,0
SO00,0,0,0,0,1,1
SO01,54,41,95,155,61,216
SO02,79,44,123,142,64,206
SO03,33,22,55,121,81,202
SO03O,0,0,0,1,1,2
SO04,33,29,62,137,108,245
SO05,33,21,54,132,68,200
SO06,0,0,0,2,0,2
SO09,17,14,31,28,11,39
SO14,3363,2740,6103,7690,3986,11676
SO15,3021,3149,6170,13481,10245,23726
SO16,4528,5518,10046,22684,18494,41178
SO17,1494,1424,2918,5373,3708,9081
SO18,2080,2468,4548,12923,10893,23816
SO19,3500,4465,7965,19171,16206,35377
SO20,272,288,560,3435,3217,6652
SO21,586,725,1311,8079,7746,15825
SO22,1482,1702,3184,9496,9056,18552
SO23,1275,1343,2618,7372,6867,14239
SO24,358,391,749,4702,4649,9351
SO30,949,1084,2033,12693,12352,25045
SO31,1500,1642,3142,18558,17940,36498
SO32,560,606,1166,9055,9016,18071
SO33,0,0,0,1,1,2
SO40,1406,1652,3058,15936,14988,30924
SO41,977,987,1964,12826,12959,25785
SO42,159,163,322,2024,1987,4011
SO43,123,131,254,1842,1781,3623
SO45,1304,1599,2903,13307,12568,25875
SO50,2252,2728,4980,17948,16241,34189
SO51,851,1037,1888,11712,11457,23169
SO52,172,241,413,2769,2623,5392
SO53,1081,1230,2311,12499,12111,24610
SP01,1099,1152,2251,7820,7206,15026
SP02,1649,1863,3512,10513,9402,19915
SP03,338,432,770,4750,4634,9384
SP04,1546,1885,3431,13640,11676,25316
SP05,581,662,1243,9312,9203,18515
SP06,357,379,736,5940,5757,11697
SP07,478,627,1105,5761,5595,11356
SP08,455,541,996,5605,5446,11051
SP09,472,895,1367,3598,2793,6391
SP10,2273,2872,5145,14214,11976,26190
SP11,971,1285,2256,12116,11300,23416
SR01,577,450,1027,1242,495,1737
SR02,2372,2565,4937,10065,7738,17803
SR03,2092,2829,4921,12456,10099,22555
SR04,3106,3887,6993,11831,8776,20607
SR05,2577,3201,5778,9341,6829,16170
SR06,1285,1523,2808,10781,9426,20207
SR07,1614,2216,3830,9666,7687,17353
SR08,2187,2984,5171,10824,8528,19352
SS00,3361,3632,6993,13904,11385,25289
SS01,2041,2240,4281,9258,7843,17101
SS02,2709,3293,6002,12109,10139,22248
SS03,1613,1952,3565,10226,9376,19602
SS04,867,1064,1931,7992,7481,15473
SS05,789,729,1518,8999,8458,17457
SS06,1140,1304,2444,12182,11360,23542
SS07,1846,2129,3975,19734,18228,37962
SS08,1897,2585,4482,14326,12138,26464
SS09,2169,2426,4595,18923,17492,36415
SS11,693,818,1511,7464,6746,14210
SS12,687,830,1517,7289,6639,13928
SS13,1642,2173,3815,7882,6341,14223
SS14,2145,2909,5054,8832,6936,15768
SS15,2211,2776,4987,10904,9469,20373
SS16,1962,2728,4690,11015,9093,20108
SS17,1377,1748,3125,12807,11456,24263
SS20,0,0,0,0,1,1
SS30,0,0,0,0,1,1
SS31,0,0,0,1,0,1
SS39,0,1,1,0,0,0
SS50,0,0,0,1,0,1
SS92,0,0,0,1,0,1
SS95,1,0,1,0,0,0
SS99,0,1,1,0,0,0
ST00,0,0,0,1,0,1
ST01,2662,2933,5595,9839,6564,16403
ST02,2153,2870,5023,10646,8329,18975
ST03,3843,4956,8799,22373,17820,40193
ST04,4043,4454,8497,18106,14005,32111
ST05,4329,5020,9349,27425,23137,50562
ST06,4462,5733,10195,20719,15345,36064
ST07,2011,2492,4503,20677,18720,39397
ST08,624,846,1470,7669,6929,14598
ST09,276,344,620,4951,4582,9533
ST10,720,963,1683,9912,8907,18819
ST11,284,304,588,3959,3598,7557
ST12,119,124,243,1501,1462,2963
ST13,1063,1297,2360,10253,9208,19461
ST14,797,1001,1798,7635,6736,14371
ST15,684,849,1533,8582,8002,16584
ST16,1772,2048,3820,10940,9192,20132
ST17,1787,2248,4035,13880,12495,26375
ST18,404,418,822,7382,6890,14272
ST19,456,524,980,6032,5738,11770
ST20,174,205,379,2960,2737,5697
ST21,106,165,271,2595,2495,5090
SW00,1,1,2,1,2,3
SW01,39,39,78,64,43,107
SW01A,97,85,182,346,175,521
SW01B,1,0,1,0,1,1
SW01D,0,0,0,0,1,1
SW01E,125,92,217,455,248,703
SW01H,58,67,125,366,199,565
SW01J,0,1,1,0,0,0
SW01M,0,0,0,1,2,3
SW01N,0,1,1,1,0,1
SW01P,1266,1539,2805,4178,2867,7045
SW01Q,1,0,1,0,0,0
SW01U,0,0,0,0,1,1
SW01V,2242,2600,4842,7037,5201,12238
SW01W,872,981,1853,2703,2210,4913
SW01X,742,924,1666,2506,2034,4540
SW01Y,81,59,140,364,168,532
SW01Z,1,1,2,1,0,1
SW02,7458,7972,15430,16503,12563,29066
SW03,2175,2632,4807,8648,7400,16048
SW04,4863,4973,9836,13772,10383,24155
SW05,2277,1951,4228,5958,3905,9863
SW06,6163,7055,13218,22274,18830,41104
SW07,2943,2470,5413,8748,6007,14755
SW08,5518,5748,11266,11417,7344,18761
SW09,7709,7820,15529,13386,8561,21947
SW10,2017,2295,4312,6625,5400,12025
SW11,6907,8077,14984,24678,20002,44680
SW12,2583,2772,5355,11119,9745,20864
SW13,1065,1325,2390,6298,5967,12265
SW14,1096,1219,2315,6615,6340,12955
SW15,5441,6348,11789,22919,19424,42343
SW16,10622,10307,20929,28148,21662,49810
SW17,8504,7778,16282,21215,16822,38037
SW18,4787,5632,10419,23405,20522,43927
SW19,6838,7613,14451,31819,27104,58923
SW20,2114,2372,4486,12336,11047,23383
SY01,1572,1876,3448,9061,7550,16611
SY02,845,997,1842,6418,5693,12111
SY03,1381,1635,3016,12468,11781,24249
SY04,792,954,1746,10108,9622,19730
SY05,688,686,1374,8699,8266,16965
SY06,190,194,384,2852,2737,5589
SY07,317,407,724,4520,4173,8693
SY08,572,702,1274,7296,6750,14046
SY09,82,101,183,1123,999,2122
SY10,403,515,918,6374,5921,12295
SY11,1148,1376,2524,9408,8453,17861
SY12,272,311,583,3293,3036,6329
SY13,722,803,1525,7878,7158,15036
SY14,150,188,338,2761,2733,5494
SY15,119,135,254,2178,2092,4270
SY16,807,894,1701,5593,4888,10481
SY17,84,114,198,1540,1387,2927
SY18,131,137,268,1789,1594,3383
SY19,27,24,51,448,391,839
SY20,256,304,560,2550,2352,4902
SY21,556,751,1307,6451,5865,12316
SY22,256,253,509,3689,3432,7121
SY23,1321,1463,2784,8720,7705,16425
SY24,166,205,371,1758,1605,3363
SY25,136,181,317,1754,1601,3355
TA01,2050,2339,4389,14199,13079,27278
TA02,1229,1461,2690,10909,10088,20997
TA03,334,372,706,6378,6231,12609
TA04,550,618,1168,7848,7751,15599
TA05,283,360,643,4690,4492,9182
TA06,2647,2916,5563,17093,14374,31467
TA07,413,444,857,6708,6444,13152
TA08,590,666,1256,6573,5900,12473
TA09,539,614,1153,5077,4552,9629
TA10,312,278,590,4093,4016,8109
TA11,233,305,538,3926,3872,7798
TA12,167,205,372,2508,2438,4946
TA13,91,129,220,1696,1689,3385
TA14,85,118,203,1308,1199,2507
TA15,17,23,40,277,275,552
TA16,50,64,114,772,740,1512
TA17,8,14,22,240,260,500
TA18,314,401,715,4140,3830,7970
TA19,299,376,675,4799,4703,9502
TA20,759,823,1582,7942,7160,15102
TA21,707,846,1553,7706,7241,14947
TA22,59,84,143,1065,1073,2138
TA23,240,298,538,2172,1978,4150
TA24,674,862,1536,6953,6348,13301
TD01,892,1176,2068,6339,5456,11795
TD02,67,91,158,1089,1058,2147
TD03,35,43,78,450,378,828
TD04,88,86,174,899,848,1747
TD05,348,431,779,4366,4272,8638
TD06,239,315,554,3198,3093,6291
TD07,315,363,678,2707,2517,5224
TD08,224,291,515,2304,2130,4434
TD09,780,986,1766,6572,5599,12171
TD10,26,50,76,453,416,869
TD11,235,317,552,3032,2747,5779
TD12,115,172,287,1708,1635,3343
TD13,30,44,74,374,360,734
TD14,224,342,566,2421,2125,4546
TD15,760,1001,1761,6508,5684,12192
TF01,2323,2725,5048,13905,11520,25425
TF02,2044,2438,4482,13812,12052,25864
TF03,1906,2422,4328,8236,6526,14762
TF04,980,1314,2294,7352,6525,13877
TF05,186,195,381,2032,1977,4009
TF06,135,158,293,2405,2187,4592
TF07,1442,1806,3248,5462,4255,9717
TF08,93,89,182,1214,1149,2363
TF09,896,1095,1991,10128,8934,19062
TF10,612,624,1236,7345,6824,14169
TF11,366,398,764,4604,4349,8953
TF12,199,222,421,2076,1918,3994
TF13,114,134,248,1449,1453,2902
TN00,0,0,0,1,0,1
TN01,811,922,1733,4099,3342,7441
TN02,1287,1592,2879,10648,9900,20548
TN03,317,385,702,4841,4708,9549
TN03O,0,0,0,1,0,1
TN04,1526,1831,3357,11096,10336,21432
TN05,281,333,614,3586,3581,7167
TN06,808,1006,1814,10313,9730,20043
TN07,69,84,153,998,1020,2018
TN08,488,597,1085,5300,5159,10459
TN09,1065,1167,2232,6454,5863,12317
TN10,771,895,1666,5953,5714,11667
TN11,423,512,935,5803,5649,11452
TN12,1017,1303,2320,11941,11286,23227
TN13,978,1100,2078,9679,9473,19152
TN14,516,549,1065,6584,6274,12858
TN15,779,893,1672,10533,10312,20845
TN16,675,724,1399,7966,7709,15675
TN17,570,666,1236,5526,5296,10822
TN18,210,240,450,2650,2579,5229
TN19,145,188,333,2177,2077,4254
TN20,129,145,274,1579,1582,3161
TN21,444,530,974,6901,6680,13581
TN22,1001,1149,2150,11040,10811,21851
TN23,2553,3061,5614,14675,12539,27214
TN24,1889,2250,4139,11789,10378,22167
TN25,525,563,1088,7577,7212,14789
TN26,346,376,722,5106,4845,9951
TN27,358,455,813,5773,5594,11367
TN28,329,396,725,3479,3134,6613
TN29,529,652,1181,5328,4646,9974
TN30,303,377,680,3872,3852,7724
TN31,568,634,1202,5616,5245,10861
TN32,196,200,396,2161,2031,4192
TN33,522,534,1056,4947,4889,9836
TN34,2230,2545,4775,10078,8507,18585
TN35,1079,1282,2361,6262,5814,12076
TN36,77,98,175,966,919,1885
TN37,1415,1596,3011,6787,5591,12378
TN38,1923,2249,4172,9413,8180,17593
TN39,1093,1282,2375,9856,9346,19202
TN40,872,1061,1933,6084,5710,11794
TQ01,2015,2153,4168,11391,9726,21117
TQ02,2048,2413,4461,12153,10869,23022
TQ03,1602,1861,3463,11125,10169,21294
TQ04,854,974,1828,7539,6784,14323
TQ05,854,985,1839,7256,6502,13758
TQ06,306,426,732,3044,2751,5795
TQ07,567,682,1249,6700,6571,13271
TQ08,73,69,142,721,676,1397
TQ09,866,969,1835,7287,7445,14732
TQ10,121,164,285,1608,1585,3193
TQ11,185,259,444,1596,1504,3100
TQ12,2152,2543,4695,21330,20209,41539
TQ13,799,844,1643,9601,9623,19224
TQ14,823,963,1786,7402,6954,14356
TR01,1176,1423,2599,7601,7233,14834
TR02,323,397,720,4123,4034,8157
TR03,375,414,789,5175,5095,10270
TR04,386,437,823,4951,4828,9779
TR05,160,147,307,1621,1641,3262
TR06,148,178,326,1555,1435,2990
TR07,1267,1364,2631,8149,7314,15463
TR08,320,345,665,4093,3847,7940
TR09,302,396,698,3172,2921,6093
TR10,550,598,1148,3606,3334,6940
TR11,1357,1544,2901,10153,9697,19850
TR12,295,322,617,3804,3567,7371
TR13,689,850,1539,7727,7422,15149
TR14,1377,1435,2812,9490,8313,17803
TR15,1055,1149,2204,7471,6672,14143
TR16,558,617,1175,6372,6059,12431
TR17,64,82,146,590,561,1151
TR18,1211,1381,2592,6435,5763,12198
TR19,401,456,857,3395,3270,6665
TR20,299,341,640,3918,3738,7656
TR21,77,96,173,574,470,1044
TR22,7,5,12,22,21,43
TR23,2,6,8,31,24,55
TR24,5,7,12,43,23,66
TR25,3,3,6,48,38,86
TR26,590,631,1221,4032,3756,7788
TR27,631,748,1379,5831,5410,11241
TS01,2473,1899,4372,3214,1348,4562
TS02,144,147,291,224,125,349
TS03,2662,3303,5965,6792,4756,11548
TS04,1521,1845,3366,4712,3459,8171
TS05,2153,2693,4846,13822,11719,25541
TS06,1848,2502,4350,9434,7540,16974
TS07,699,959,1658,8728,7876,16604
TS08,970,1321,2291,7483,6874,14357
TS09,293,379,672,5340,5102,10442
TS10,1995,2521,4516,12443,10546,22989
TS11,396,527,923,4423,3930,8353
TS12,1025,1254,2279,8015,7011,15026
TS13,554,716,1270,3365,2578,5943
TS14,596,840,1436,6952,6288,13240
TS15,369,400,769,5870,5477,11347
TS16,325,420,745,4046,3878,7924
TS17,2040,2585,4625,15673,13775,29448
TS18,1556,1705,3261,8203,6701,14904
TS19,2082,2875,4957,11168,9664,20832
TS20,1054,1306,2360,6706,5746,12452
TS21,359,459,818,5134,4657,9791
TS22,194,251,445,3963,3659,7622
TS23,1609,2088,3697,9425,7998,17423
TS24,1583,1978,3561,6078,4597,10675
TS25,2070,2620,4690,12100,10181,22281
TS26,1202,1377,2579,8609,7700,16309
TS27,448,607,1055,4434,3965,8399
TS28,258,305,563,1775,1568,3343
TS29,283,392,675,2097,1695,3792
TS90,0,0,0,1,0,1
TW00,0,0,0,0,1,1
TW01,1563,1835,3398,10424,9573,19997
TW02,1865,2098,3963,11456,10575,22031
TW02O,0,0,0,1,0,1
TW03,8796,6724,15520,15272,9321,24593
TW04,6002,4988,10990,10558,6415,16973
TW05,5282,4535,9817,12120,7904,20024
TW06,8,2,10,20,12,32
TW07,3617,4157,7774,14770,11639,26409
TW08,2177,2450,4627,8096,6163,14259
TW09,1583,1869,3452,9138,8345,17483
TW10,1453,1720,3173,7886,7116,15002
TW11,1359,1621,2980,9108,8701,17809
TW12,1323,1574,2897,8823,8387,17210
TW13,3528,4058,7586,13067,9561,22628
TW14,3181,3547,6728,10659,7513,18172
TW15,1242,1404,2646,11357,10042,21399
TW16,1000,1231,2231,8519,7608,16127
TW17,518,576,1094,5971,5739,11710
TW18,1325,1355,2680,10433,9323,19756
TW19,1111,1276,2387,7101,5872,12973
TW20,1562,1612,3174,8822,7609,16431
UB01,10414,7595,18009,14538,8355,22893
UB01O,0,0,0,0,1,1
UB02,7843,5929,13772,12004,7239,19243
UB03,7531,7355,14886,19039,12251,31290
UB04,4824,4751,9575,14663,10584,25247
UB05,5203,6201,11404,16542,11897,28439
UB06,6415,6177,12592,21344,14218,35562
UB07,3237,3650,6887,12066,8618,20684
UB08,2953,3092,6045,11829,9089,20918
UB09,717,778,1495,6155,5575,11730
UB10,2106,2506,4612,14023,12221,26244
UB11,1,1,2,13,3,16
UNKNOWN,1710,1386,3096,23163,15881,39044
W01,39,29,68,58,33,91
W01A,106,32,138,104,43,147
W01B,68,72,140,307,169,476
W01C,16,8,24,18,5,23
W01D,214,113,327,397,151,548
W01E,2,0,2,3,1,4
W01F,182,150,332,546,257,803
W01G,246,237,483,1082,789,1871
W01H,876,768,1644,2289,1499,3788
W01J,205,154,359,744,454,1198
W01K,388,405,793,1106,668,1774
W01M,72,54,126,73,58,131
W01N,55,67,122,103,53,156
W01O,0,1,1,0,0,0
W01P,70,66,136,94,39,133
W01R,63,14,77,56,7,63
W01S,49,41,90,146,59,205
W01T,478,363,841,1144,593,1737
W01U,531,546,1077,1784,1209,2993
W01V,92,61,153,101,49,150
W01W,429,475,904,1141,701,1842
W01X,55,20,75,97,46,143
W01Y,65,55,120,115,60,175
W02,7515,6864,14379,17012,11064,28076
W02H,1,0,1,0,0,0
W03,7279,7010,14289,21728,15385,37113
W04,3660,4262,7922,17779,15486,33265
W05,4767,5017,9784,21461,17299,38760
W06,4069,4018,8087,11634,9227,20861
W07,3283,3499,6782,10214,8365,18579
W08,2142,2566,4708,8277,7028,15305
W09,4628,5002,9630,12688,9432,22120
W10,4711,5335,10046,9398,7034,16432
W11,3869,4346,8215,10272,8313,18585
W12,7111,7122,14233,14795,10524,25319
W13,3479,3439,6918,12783,10160,22943
W14,4631,5050,9681,12943,9960,22903
W15,4,1,5,8,5,13
W16,5,1,6,0,2,2
W17,9,7,16,10,10,20
W18,4,2,6,1,1,2
W19,2,6,8,7,2,9
W21,0,3,3,0,0,0
W22,3,1,4,5,0,5
W23,0,1,1,0,0,0
W26,0,1,1,0,1,1
W27,0,0,0,1,0,1
W28,0,1,1,0,0,0
W30,0,0,0,1,0,1
W32,1,0,1,0,0,0
W38,0,0,0,1,0,1
W40,0,0,0,0,1,1
W43,0,0,0,0,1,1
WA01,1121,1208,2329,8457,7268,15725
WA02,2651,3126,5777,13459,10948,24407
WA03,1802,2330,4132,17812,16294,34106
WA04,1792,2027,3819,18943,17572,36515
WA05,2675,3297,5972,22929,20301,43230
WA06,595,684,1279,7887,7508,15395
WA07,4257,5424,9681,20995,17466,38461
WA08,3533,4586,8119,22190,18626,40816
WA09,3235,4199,7434,15933,12552,28485
WA10,2235,2591,4826,13180,11066,24246
WA11,1737,2288,4025,14623,12685,27308
WA12,1216,1608,2824,8374,7102,15476
WA13,346,408,754,5290,5165,10455
WA14,1491,1501,2992,11690,10856,22546
WA15,1826,1914,3740,16955,15742,32697
WA16,819,831,1650,9698,9363,19061
WC01,19,26,45,33,20,53
WC01A,105,98,203,306,136,442
WC01B,197,218,415,360,239,599
WC01E,237,240,477,481,306,787
WC01G,0,1,1,0,0,0
WC01H,981,929,1910,1822,1001,2823
WC01M,0,1,1,1,0,1
WC01N,798,804,1602,1847,1149,2996
WC01P,0,0,0,1,0,1
WC01Q,1,0,1,0,0,0
WC01R,54,41,95,183,102,285
WC01S,1,0,1,0,0,0
WC01V,61,42,103,102,50,152
WC01X,1021,963,1984,1942,1211,3153
WC01Y,0,0,0,1,0,1
WC01Z,2,1,3,0,0,0
WC02,7,3,10,17,5,22
WC02A,14,15,29,91,54,145
WC02B,201,165,366,478,258,736
WC02E,73,57,130,229,117,346
WC02H,409,314,723,812,380,1192
WC02N,94,57,151,243,119,362
WC02R,41,31,72,137,80,217
WC02V,0,0,0,0,1,1
WC02Z,0,0,0,0,1,1
WC04,1,0,1,0,0,0
WC12,1,0,1,0,0,0
WC13,0,2,2,2,0,2
WC14,3,1,4,0,2,2
WC18,1,0,1,0,0,0
WC19,1,1,2,0,0,0
WC23,0,0,0,2,0,2
WC24,2,0,2,5,1,6
WC28,1,0,1,0,2,2
WC44,0,0,0,1,0,1
WC78,1,0,1,0,0,0
WD01,61,53,114,141,76,217
WD02,100,73,173,211,91,302
WD03,1724,1853,3577,16743,16398,33141
WD04,354,372,726,4737,4545,9282
WD05,491,510,1001,4439,4321,8760
WD06,2639,3056,5695,15208,12887,28095
WD07,467,569,1036,5331,5223,10554
WD17,1196,1246,2442,6969,5732,12701
WD18,2626,2990,5616,9252,6514,15766
WD19,1646,1928,3574,10476,9532,20008
WD23,1251,1473,2724,10545,10328,20873
WD24,1772,1958,3730,8712,6859,15571
WD25,1625,1970,3595,11036,9961,20997
WF00,0,0,0,1,0,1
WF01,2605,3009,5614,12189,8954,21143
WF02,2909,3730,6639,17507,14649,32156
WF03,1301,1781,3082,12478,11244,23722
WF04,1749,2322,4071,16418,14483,30901
WF05,884,1150,2034,7649,6896,14545
WF06,1177,1561,2738,7541,6101,13642
WF07,1031,1495,2526,7574,6492,14066
WF08,1660,2226,3886,12090,10345,22435
WF09,2478,3289,5767,13302,10344,23646
WF10,2843,3891,6734,16232,12889,29121
WF11,1021,1324,2345,5771,4677,10448
WF12,2074,2802,4876,11438,8845,20283
WF13,2269,2900,5169,8028,5350,13378
WF14,696,968,1664,7377,6739,14116
WF15,836,1101,1937,6149,5397,11546
WF16,723,953,1676,3950,2925,6875
WF17,2717,3675,6392,13894,10290,24184
WF21,0,0,0,1,0,1
WN00,0,0,0,1,0,1
WN01,1114,1233,2347,6888,5353,12241
WN02,2539,3293,5832,17916,14809,32725
WN03,1425,1921,3346,10971,9074,20045
WN04,1205,1523,2728,10370,8934,19304
WN05,2279,2851,5130,15057,12319,27376
WN06,1570,1933,3503,15186,13683,28869
WN07,2771,3337,6108,16168,12956,29124
WN08,3245,3948,7193,15325,12564,27889
WR01,769,686,1455,3336,2501,5837
WR02,1278,1414,2692,10939,9915,20854
WR03,840,950,1790,8241,7495,15736
WR04,1599,2001,3600,8649,7400,16049
WR05,1448,1818,3266,12409,11115,23524
WR06,308,325,633,5661,5450,11111
WR07,110,121,231,2480,2418,4898
WR08,223,222,445,3531,3383,6914
WR09,1276,1508,2784,12499,11814,24313
WR10,484,685,1169,7756,7437,15193
WR11,1806,2100,3906,17897,15833,33730
WR12,148,194,342,2513,2439,4952
WR13,209,226,435,3738,3655,7393
WR14,1664,2001,3665,12603,11804,24407
WR15,246,245,491,2979,2753,5732
WS00,0,0,0,0,1,1
WS01,2503,2971,5474,7836,4874,12710
WS02,3325,4538,7863,11173,7338,18511
WS03,3511,4486,7997,15851,12404,28255
WS04,916,1090,2006,6120,5175,11295
WS05,1023,1558,2581,7766,6589,14355
WS06,569,752,1321,6698,5879,12577
WS07,922,1266,2188,11517,10277,21794
WS08,830,1025,1855,5533,4657,10190
WS09,935,1175,2110,9923,8927,18850
WS10,3431,4568,7999,14268,10463,24731
WS11,1866,2458,4324,15419,13286,28705
WS12,1258,1719,2977,13375,11758,25133
WS13,1193,1365,2558,10037,9063,19100
WS14,560,623,1183,6979,6689,13668
WS15,1556,1955,3511,14322,12689,27011
WV00,0,2,2,0,0,0
WV01,1989,1946,3935,4378,2682,7060
WV02,2057,2245,4302,4796,3117,7913
WV03,2109,2371,4480,10143,8192,18335
WV04,1869,2421,4290,12220,10116,22336
WV05,419,552,971,6044,5583,11627
WV06,2751,3151,5902,16005,13734,29739
WV07,367,270,637,2262,2052,4314
WV08,713,1030,1743,5574,5136,10710
WV09,299,369,668,2644,2369,5013
WV10,4549,5918,10467,17194,13456,30650
WV11,2010,2642,4652,11756,9353,21109
WV12,1279,1722,3001,8797,7229,16026
WV13,1584,2019,3603,6714,5145,11859
WV14,3273,4276,7549,15016,11634,26650
WV15,278,317,595,3482,3098,6580
WV16,523,628,1151,7044,6361,13405
YL55,0,0,0,0,1,1
YO00,0,0,0,1,0,1
YO01,374,380,754,1453,1080,2533
YO01O,0,0,0,1,0,1
YO02,34,37,71,73,28,101
YO03,35,29,64,90,53,143
YO03O,0,0,0,0,1,1
YO04,12,13,25,98,76,174
YO05,8,9,17,32,18,50
YO06,18,27,45,112,63,175
YO07,619,747,1366,8062,7453,15515
YO08,1854,2404,4258,17441,15467,32908
YO09,2,0,2,0,0,0
YO10,1520,1866,3386,7098,6000,13098
YO11,1425,1659,3084,7482,5883,13365
YO12,2219,2683,4902,13112,11267,24379
YO13,237,294,531,4234,4139,8373
YO14,393,536,929,4316,3861,8177
YO15,741,815,1556,4800,3793,8593
YO16,1141,1503,2644,8631,7113,15744
YO17,774,891,1665,8700,7850,16550
YO18,326,392,718,4495,4247,8742
YO19,368,435,803,5074,4813,9887
YO20,0,0,0,0,1,1
YO21,534,604,1138,5375,4815,10190
YO22,378,433,811,3225,2906,6131
YO23,798,982,1780,7180,6966,14146
YO24,1712,2178,3890,9970,9062,19032
YO25,1004,1274,2278,13354,12273,25627
YO26,1459,1789,3248,10880,9909,20789
YO29,0,0,0,1,0,1
YO30,1416,1715,3131,8949,8067,17016
YO31,1584,1964,3548,8732,7635,16367
YO32,952,1261,2213,10590,10299,20889
YO34,1,0,1,1,0,1
YO41,247,344,591,4466,4324,8790
YO42,451,579,1030,6070,5851,11921
YO43,335,398,733,5072,4776,9848
YO45,0,0,0,0,1,1
YO51,150,179,329,2432,2370,4802
YO60,105,107,212,1955,1958,3913
YO61,359,439,798,5749,5681,11430
YO62,350,390,740,4782,4572,9354
YO69,0,0,0,1,0,1
ZE00,0,0,0,0,1,1
ZE01,425,528,953,2736,2294,5030
ZE02,566,760,1326,5501,4910,10411
ZE03,20,23,43,169,133,302
